agency_cd	site_no	parameter_cd	ts_id	year_nu	month_nu	mean_va
5s	15s	5s	3n	4s	2s	12n
USGS	15238986	00010	648	2010	8	4.96
USGS	15238986	00010	648	2010	10	3.15
USGS	15238986	00010	648	2010	11	0.97
USGS	15238986	00010	648	2010	12	0.27
USGS	15238986	00010	648	2011	1	0.25
USGS	15238986	00010	648	2011	2	0.28
USGS	15238986	00010	648	2011	3	0.36
USGS	15238986	00010	648	2011	4	1.26
USGS	15238986	00010	648	2011	5	3.24
USGS	15238986	00010	648	2011	6	4.83
USGS	15238986	00010	648	2011	7	5.34
USGS	15238986	00010	648	2011	8	4.88
USGS	15238986	00010	648	2011	9	4.61
USGS	15238986	00010	648	2011	10	3.44
USGS	15238986	00010	648	2011	11	0.61
USGS	15238986	00010	648	2018	5	3.76
USGS	15238986	00010	648	2018	6	4.64
USGS	15238986	00010	648	2018	7	5.44
USGS	15238986	00010	648	2018	8	5.04
USGS	15238986	00010	648	2018	9	4.77
USGS	15238986	00010	648	2018	10	3.89
USGS	15238986	00010	648	2018	11	1.58
USGS	15238986	00010	648	2018	12	0.61
USGS	15238986	00010	648	2019	1	0.28
USGS	15238986	00010	648	2019	2	0.3
USGS	15238986	00010	648	2019	3	1.05
USGS	15238986	00010	648	2019	4	2.74
USGS	15238986	00010	648	2019	5	4.17
USGS	15238986	00010	648	2019	6	5.37
USGS	15238986	00010	648	2019	7	5.78
USGS	15238986	00010	648	2019	8	5.64
USGS	15238986	00010	648	2019	9	4.64
USGS	15238986	00010	648	2019	10	3.43
USGS	15238986	00010	648	2019	11	2.89
USGS	15238986	00010	648	2019	12	1.27
USGS	15238986	00010	648	2020	1	0
USGS	15238986	00010	648	2020	2	0.05
USGS	15238986	00010	648	2020	3	0.19
USGS	15238986	00010	648	2020	4	1.64
USGS	15238986	00010	648	2020	5	4.99
USGS	15238986	00010	648	2020	6	5.96
USGS	15238986	00010	648	2020	7	7.09
USGS	15238986	00010	648	2020	8	8.85
USGS	15238986	00010	648	2020	9	6.81
USGS	15238986	00010	648	2020	10	3.48
USGS	15238986	00010	648	2020	12	0.54
USGS	15238986	00010	648	2021	1	0.44
USGS	15238986	00010	648	2021	4	1.26
USGS	15238986	00010	648	2021	6	6.39
USGS	15238986	00010	648	2021	7	7.94
USGS	15238986	00010	648	2021	8	8.73
USGS	15238986	00010	648	2021	9	6.04
USGS	15238986	00010	648	2021	10	3.17

