agency_cd	site_no	parameter_cd	ts_id	year_nu	month_nu	mean_va
5s	15s	5s	3n	4s	2s	12n
USGS	15261000	00010	691	1998	9	4.9
USGS	15261000	00010	691	1998	10	1.87
USGS	15261000	00010	691	1998	11	0.6
USGS	15261000	00010	691	1998	12	0
USGS	15261000	00010	691	1999	1	0.06
USGS	15261000	00010	691	1999	2	0
USGS	15261000	00010	691	1999	3	0.16
USGS	15261000	00010	691	1999	4	0.72
USGS	15261000	00010	691	1999	5	2.4
USGS	15261000	00010	691	1999	6	4.73
USGS	15261000	00010	691	1999	7	7.06
USGS	15261000	00010	691	1999	8	7.55
USGS	15261000	00010	691	1999	9	5.5
USGS	15261000	00010	691	1999	10	2.05
USGS	15261000	00010	691	1999	11	0.1
USGS	15261000	00010	691	1999	12	0
USGS	15261000	00010	691	2000	1	0
USGS	15261000	00010	691	2000	2	0.41
USGS	15261000	00010	691	2000	3	0.65
USGS	15261000	00010	691	2000	4	1.32
USGS	15261000	00010	691	2000	6	4.53
USGS	15261000	00010	691	2000	7	6
USGS	15261000	00010	691	2000	8	6.79
USGS	15261000	00010	691	2000	9	4.73
USGS	15261000	00010	691	2000	10	2.02
USGS	15261000	00010	691	2000	11	0.77
USGS	15261000	00010	691	2000	12	0.39
USGS	15261000	00010	691	2001	1	0.39
USGS	15261000	00010	691	2001	2	0.04
USGS	15261000	00010	691	2001	3	0.34
USGS	15261000	00010	691	2001	4	1.47
USGS	15261000	00010	691	2001	5	2.66
USGS	15261000	00010	691	2001	6	3.98
USGS	15261000	00010	691	2001	7	5.35
USGS	15261000	00010	691	2001	8	6.56
USGS	15261000	00010	691	2001	9	5.15
USGS	15261000	00010	691	2001	10	1.56
USGS	15261000	00010	691	2001	11	0.1
USGS	15261000	00010	691	2001	12	0
USGS	15261000	00010	691	2002	1	0.32
USGS	15261000	00010	691	2002	2	0.23
USGS	15261000	00010	691	2002	3	0.15
USGS	15261000	00010	691	2002	4	0.43
USGS	15261000	00010	691	2002	5	2.29
USGS	15261000	00010	691	2002	6	4.42
USGS	15261000	00010	691	2002	7	6.73
USGS	15261000	00010	691	2002	8	7.26
USGS	15261000	00010	691	2002	9	5.48
USGS	15261000	00010	691	2002	10	3.81
USGS	15261000	00010	691	2002	11	2.4
USGS	15261000	00010	691	2002	12	1.03
USGS	15261000	00010	691	2003	2	0.91
USGS	15261000	00010	691	2003	3	0.15
USGS	15261000	00010	691	2003	4	1.47
USGS	15261000	00010	691	2003	5	3.87
USGS	15261000	00010	691	2003	6	5.38
USGS	15261000	00010	691	2003	7	7.11
USGS	15261000	00010	691	2003	8	7.52
USGS	15261000	00010	691	2003	9	4.7
USGS	15261000	00010	691	2003	10	3.39
USGS	15261000	00010	691	2003	11	0.97
USGS	15261000	00010	691	2003	12	0.02
USGS	15261000	00010	691	2004	1	0
USGS	15261000	00010	691	2004	2	0.45
USGS	15261000	00010	691	2004	3	0.24
USGS	15261000	00010	691	2004	4	1.37
USGS	15261000	00010	691	2004	5	3.27
USGS	15261000	00010	691	2004	6	6
USGS	15261000	00010	691	2004	7	8.69
USGS	15261000	00010	691	2004	8	9.35
USGS	15261000	00010	691	2004	9	4.58
USGS	15261000	00010	691	2004	10	3.76
USGS	15261000	00010	691	2004	11	1.05
USGS	15261000	00010	691	2004	12	0.48
USGS	15261000	00010	691	2005	1	0
USGS	15261000	00010	691	2005	2	0.39
USGS	15261000	00010	691	2005	3	0.87
USGS	15261000	00010	691	2005	4	2.3
USGS	15261000	00010	691	2005	5	6.03
USGS	15261000	00010	691	2005	6	7.43
USGS	15261000	00010	691	2005	7	7.81
USGS	15261000	00010	691	2005	8	8.58
USGS	15261000	00010	691	2005	9	6.28
USGS	15261000	00010	691	2005	10	2.37
USGS	15261000	00010	691	2005	11	0
USGS	15261000	00010	691	2005	12	0.68
USGS	15261000	00010	691	2006	1	0.03
USGS	15261000	00010	691	2006	2	0.02
USGS	15261000	00010	691	2006	3	0.35
USGS	15261000	00010	691	2006	4	1.05
USGS	15261000	00010	691	2006	5	2.65
USGS	15261000	00010	691	2006	6	4.75
USGS	15261000	00010	691	2006	7	6.76
USGS	15261000	00010	691	2006	8	6.84
USGS	15261000	00010	691	2006	9	5.47
USGS	15261000	00010	691	2006	10	2.71
USGS	15261000	00010	691	2006	11	0
USGS	15261000	00010	691	2006	12	0.1
USGS	15261000	00010	691	2007	1	0.08
USGS	15261000	00010	691	2007	2	0.25
USGS	15261000	00010	691	2007	3	0
USGS	15261000	00010	691	2007	4	0.88
USGS	15261000	00010	691	2007	5	2.9
USGS	15261000	00010	691	2007	6	5.27
USGS	15261000	00010	691	2007	7	7.5
USGS	15261000	00010	691	2007	8	8.31
USGS	15261000	00010	691	2007	9	6.25
USGS	15261000	00010	691	2007	10	1.71
USGS	15261000	00010	691	2007	11	0.8
USGS	15261000	00010	691	2007	12	0.06
USGS	15261000	00010	691	2008	1	0
USGS	15261000	00010	691	2008	2	0.02
USGS	15261000	00010	691	2008	3	0.32
USGS	15261000	00010	691	2008	4	0.68
USGS	15261000	00010	691	2008	5	2.56
USGS	15261000	00010	691	2008	6	4.12
USGS	15261000	00010	691	2008	8	5.97
USGS	15261000	00010	691	2008	9	4.67
USGS	15261000	00010	691	2008	10	1.29
USGS	15261000	00010	691	2008	11	0
USGS	15261000	00010	691	2008	12	0.1
USGS	15261000	00010	691	2009	1	0
USGS	15261000	00010	691	2009	2	0
USGS	15261000	00010	691	2009	3	0.16
USGS	15261000	00010	691	2009	4	0.77
USGS	15261000	00010	691	2009	5	3.29
USGS	15261000	00010	691	2009	6	5.53
USGS	15261000	00010	691	2009	7	8.15
USGS	15261000	00010	691	2009	8	7.89
USGS	15261000	00010	691	2009	9	5.78
USGS	15261000	00010	691	2009	10	3.42
USGS	15261000	00010	691	2009	11	0.07
USGS	15261000	00010	691	2009	12	0.26
USGS	15261000	00010	691	2010	1	0.1
USGS	15261000	00010	691	2010	2	0.36
USGS	15261000	00010	691	2010	3	0.27
USGS	15261000	00010	691	2010	4	1.25
USGS	15261000	00010	691	2010	5	3.02
USGS	15261000	00010	691	2010	6	4.42
USGS	15261000	00010	691	2010	7	5.79
USGS	15261000	00010	691	2010	8	7.02
USGS	15261000	00010	691	2010	9	5.42
USGS	15261000	00010	691	2010	10	2.31
USGS	15261000	00010	691	2010	11	0.17
USGS	15261000	00010	691	2010	12	0
USGS	15261000	00010	691	2011	1	0.06
USGS	15261000	00010	691	2011	2	0.2
USGS	15261000	00010	691	2011	3	0.19
USGS	15261000	00010	691	2011	4	0.92
USGS	15261000	00010	691	2011	5	3.24
USGS	15261000	00010	691	2011	6	5.5
USGS	15261000	00010	691	2011	7	7.23
USGS	15261000	00010	691	2011	8	7.34
USGS	15261000	00010	691	2011	9	5.38
USGS	15261000	00010	691	2011	10	2.35
USGS	15261000	00010	691	2011	11	0.07
USGS	15261000	00010	691	2011	12	0.03
USGS	15261000	00010	691	2012	1	0
USGS	15261000	00010	691	2012	2	0.22
USGS	15261000	00010	691	2012	3	0.11
USGS	15261000	00010	691	2012	4	0.98
USGS	15261000	00010	691	2012	5	2.4
USGS	15261000	00010	691	2012	6	4.13
USGS	15261000	00010	691	2012	7	5.45
USGS	15261000	00010	691	2012	8	6.37
USGS	15261000	00010	691	2012	9	4.92
USGS	15261000	00010	691	2012	10	1.82
USGS	15261000	00010	691	2012	11	0.12
USGS	15261000	00010	691	2012	12	0.04
USGS	15261000	00010	691	2013	1	0.31
USGS	15261000	00010	691	2013	2	0.4
USGS	15261000	00010	691	2013	3	0.27
USGS	15261000	00010	691	2013	4	0.42
USGS	15261000	00010	691	2013	5	2.05
USGS	15261000	00010	691	2013	6	5.06
USGS	15261000	00010	691	2013	7	8.25
USGS	15261000	00010	691	2013	8	8.06
USGS	15261000	00010	691	2013	9	5.47
USGS	15261000	00010	691	2013	10	3.56
USGS	15261000	00010	691	2013	11	0.7
USGS	15261000	00010	691	2013	12	0.04
USGS	15261000	00010	691	2014	1	0.75
USGS	15261000	00010	691	2014	2	0
USGS	15261000	00010	691	2014	3	0.01
USGS	15261000	00010	691	2014	4	1.14
USGS	15261000	00010	691	2014	5	4.11
USGS	15261000	00010	691	2014	6	5.71
USGS	15261000	00010	691	2014	8	7.97
USGS	15261000	00010	691	2014	9	5.8
USGS	15261000	00010	691	2014	10	1.53
USGS	15261000	00010	691	2014	11	1.15
USGS	15261000	00010	691	2014	12	0.38
USGS	15261000	00010	691	2015	1	0.13
USGS	15261000	00010	691	2015	2	0.05
USGS	15261000	00010	691	2015	3	0.35
USGS	15261000	00010	691	2015	4	1.27
USGS	15261000	00010	691	2015	5	3.96
USGS	15261000	00010	691	2015	6	6.01
USGS	15261000	00010	691	2015	7	9.04
USGS	15261000	00010	691	2015	8	11.55
USGS	15261000	00010	691	2015	9	8.06
USGS	15261000	00010	691	2015	10	5.49
USGS	15261000	00010	691	2015	11	1.38
USGS	15261000	00010	691	2015	12	0.71
USGS	15261000	00010	691	2016	1	1.38
USGS	15261000	00010	691	2016	2	1.35
USGS	15261000	00010	691	2016	3	1.63
USGS	15261000	00010	691	2016	4	2.83
USGS	15261000	00010	691	2016	5	4.69
USGS	15261000	00010	691	2016	6	6.51
USGS	15261000	00010	691	2016	7	10.55
USGS	15261000	00010	691	2016	8	11.74
USGS	15261000	00010	691	2016	9	9.06
USGS	15261000	00010	691	2016	10	4.51
USGS	15261000	00010	691	2016	11	1.64
USGS	15261000	00010	691	2016	12	0.06
USGS	15261000	00010	691	2017	1	0.02
USGS	15261000	00010	691	2017	2	0.14
USGS	15261000	00010	691	2017	3	0
USGS	15261000	00010	691	2017	4	0.67
USGS	15261000	00010	691	2017	5	3.76
USGS	15261000	00010	691	2017	6	6.18
USGS	15261000	00010	691	2017	7	8.15
USGS	15261000	00010	691	2017	8	8.15
USGS	15261000	00010	691	2017	9	6.02
USGS	15261000	00010	691	2017	10	2.7
USGS	15261000	00010	691	2017	11	0.4
USGS	15261000	00010	691	2017	12	0.62
USGS	15261000	00010	691	2018	1	0.35
USGS	15261000	00010	691	2018	2	0.15
USGS	15261000	00010	691	2018	3	0.68
USGS	15261000	00010	691	2018	4	1.64
USGS	15261000	00010	691	2018	5	3.21
USGS	15261000	00010	691	2018	6	6.27
USGS	15261000	00010	691	2018	7	10.02
USGS	15261000	00010	691	2018	8	10.82
USGS	15261000	00010	691	2018	9	9.65
USGS	15261000	00010	691	2018	10	5.93
USGS	15261000	00010	691	2018	11	1.87
USGS	15261000	00010	691	2018	12	0.7
USGS	15261000	00010	691	2019	1	0.37
USGS	15261000	00010	691	2019	2	0.46
USGS	15261000	00010	691	2019	3	1.57
USGS	15261000	00010	691	2019	4	2.51
USGS	15261000	00010	691	2019	5	4.59
USGS	15261000	00010	691	2019	6	8.09
USGS	15261000	00010	691	2019	7	10.77
USGS	15261000	00010	691	2019	8	11.8
USGS	15261000	00010	691	2019	9	10.22
USGS	15261000	00010	691	2019	10	5.11
USGS	15261000	00010	691	2019	11	3.18
USGS	15261000	00010	691	2019	12	1.17
USGS	15261000	00010	691	2020	1	0
USGS	15261000	00010	691	2020	2	0.39
USGS	15261000	00010	691	2020	3	0.58
USGS	15261000	00010	691	2020	4	1.11
USGS	15261000	00010	691	2020	5	4.4
USGS	15261000	00010	691	2020	6	5.73
USGS	15261000	00010	691	2020	7	9.82
USGS	15261000	00010	691	2020	8	12.22
USGS	15261000	00010	691	2020	9	9.5
USGS	15261000	00010	691	2020	10	4.22
USGS	15261000	00010	691	2020	11	0.52
USGS	15261000	00010	691	2020	12	0.26
USGS	15261000	00010	691	2021	1	0.37
USGS	15261000	00010	691	2021	2	0.06
USGS	15261000	00010	691	2021	3	0.13
USGS	15261000	00010	691	2021	4	0.79
USGS	15261000	00010	691	2021	5	3.1
USGS	15261000	00010	691	2021	6	5.45
USGS	15261000	00010	691	2021	7	8.93
USGS	15261000	00010	691	2021	8	8.92
USGS	15261000	00010	691	2021	9	5.32

