agency_cd	site_no	parameter_cd	ts_id	year_nu	month_nu	mean_va
5s	15s	5s	3n	4s	2s	12n
USGS	15300300	00010	952	2013	10	4.67
USGS	15300300	00010	952	2013	11	1.44
USGS	15300300	00010	952	2013	12	0.15
USGS	15300300	00010	952	2014	1	0.84
USGS	15300300	00010	952	2014	2	0.36
USGS	15300300	00010	952	2014	3	0.15
USGS	15300300	00010	952	2014	4	3.73
USGS	15300300	00010	952	2014	5	5.92
USGS	15300300	00010	952	2014	6	7.25
USGS	15300300	00010	952	2014	7	10.58
USGS	15300300	00010	952	2014	8	10.11
USGS	15300300	00010	952	2014	9	7.78
USGS	15300300	00010	952	2014	10	2.53
USGS	15300300	00010	952	2014	11	2.47
USGS	15300300	00010	952	2014	12	1.8
USGS	15300300	00010	952	2015	1	1.05
USGS	15300300	00010	952	2015	2	0.3
USGS	15300300	00010	952	2015	3	1.51
USGS	15300300	00010	952	2015	4	3.68
USGS	15300300	00010	952	2015	5	5.1
USGS	15300300	00010	952	2015	6	7.28
USGS	15300300	00010	952	2015	7	9.53
USGS	15300300	00010	952	2015	8	11.23
USGS	15300300	00010	952	2015	9	7.37
USGS	15300300	00010	952	2015	10	5.3
USGS	15300300	00010	952	2015	11	1.14
USGS	15300300	00010	952	2015	12	0.52
USGS	15300300	00010	952	2016	1	1.63
USGS	15300300	00010	952	2016	2	2.14
USGS	15300300	00010	952	2016	3	2.48
USGS	15300300	00010	952	2016	4	4.46
USGS	15300300	00010	952	2016	5	5.21
USGS	15300300	00010	952	2016	6	6.71
USGS	15300300	00010	952	2016	7	9.66
USGS	15300300	00010	952	2016	8	10.03
USGS	15300300	00010	952	2016	9	8.18
USGS	15300300	00010	952	2016	10	4.25
USGS	15300300	00010	952	2016	11	1.59
USGS	15300300	00010	952	2017	2	0
USGS	15300300	00010	952	2017	3	0
USGS	15300300	00010	952	2017	4	2.3
USGS	15300300	00010	952	2017	5	5.43
USGS	15300300	00010	952	2017	6	7.1
USGS	15300300	00010	952	2017	7	10.69
USGS	15300300	00010	952	2017	8	10.15
USGS	15300300	00010	952	2017	9	7.51
USGS	15300300	00010	952	2017	10	4.02
USGS	15300300	00010	952	2017	11	0.75
USGS	15300300	00010	952	2017	12	1.04
USGS	15300300	00010	952	2018	2	0
USGS	15300300	00010	952	2018	3	0.33
USGS	15300300	00010	952	2018	4	3.29
USGS	15300300	00010	952	2018	5	4.5
USGS	15300300	00010	952	2018	6	5.54
USGS	15300300	00010	952	2018	7	8.33
USGS	15300300	00010	952	2018	8	9.36
USGS	15300300	00010	952	2018	9	8.57
USGS	15300300	00010	952	2018	10	5.9
USGS	15300300	00010	952	2018	11	2.36
USGS	15300300	00010	952	2018	12	0.73
USGS	15300300	00010	952	2019	1	0.38
USGS	15300300	00010	952	2019	2	0.69
USGS	15300300	00010	952	2019	3	2.14
USGS	15300300	00010	952	2019	4	4.14
USGS	15300300	00010	952	2019	5	4.82
USGS	15300300	00010	952	2019	6	7.11
USGS	15300300	00010	952	2019	7	11.68
USGS	15300300	00010	952	2019	8	12.8
USGS	15300300	00010	952	2019	10	4.59
USGS	15300300	00010	952	2019	11	3.43
USGS	15300300	00010	952	2019	12	1.04
USGS	15300300	00010	952	2020	1	0
USGS	15300300	00010	952	2020	2	0
USGS	15300300	00010	952	2020	3	0.03
USGS	15300300	00010	952	2020	4	2.57
USGS	15300300	00010	952	2020	5	5.28
USGS	15300300	00010	952	2020	6	7.61
USGS	15300300	00010	952	2020	7	11.46
USGS	15300300	00010	952	2020	8	11.39
USGS	15300300	00010	952	2020	9	8.11
USGS	15300300	00010	952	2020	10	4.56
USGS	15300300	00010	952	2020	11	0.56
USGS	15300300	00010	952	2020	12	0.38
USGS	15300300	00010	952	2021	4	1.96
USGS	15300300	00010	952	2021	5	4.59

