agency_cd	site_no	parameter_cd	ts_id	year_nu	month_nu	mean_va
5s	15s	5s	3n	4s	2s	12n
USGS	15087700	00010	296501	2001	6	6.37
USGS	15087700	00010	296501	2001	7	7.66
USGS	15087700	00010	296501	2001	8	8.6
USGS	15087700	00010	296501	2016	3	5.22
USGS	15087700	00010	296501	2016	4	6.33
USGS	15087700	00010	296501	2016	5	7.32
USGS	15087700	00010	296501	2016	6	8.78
USGS	15087700	00010	296501	2016	7	10.4
USGS	15087700	00010	296501	2016	8	9.78
USGS	15087700	00010	296501	2016	9	9.27
USGS	15087700	00010	296501	2016	10	6.98
USGS	15087700	00010	296501	2016	11	5.96
USGS	15087700	00010	296501	2016	12	3.67
USGS	15087700	00010	296501	2017	1	3.53
USGS	15087700	00010	296501	2017	2	3.34
USGS	15087700	00010	296501	2017	3	1.96
USGS	15087700	00010	296501	2017	4	4.61
USGS	15087700	00010	296501	2017	6	7.25
USGS	15087700	00010	296501	2017	7	8.27
USGS	15087700	00010	296501	2017	8	9.37
USGS	15087700	00010	296501	2017	9	8.51
USGS	15087700	00010	296501	2017	10	6.72
USGS	15087700	00010	296501	2017	11	4.15
USGS	15087700	00010	296501	2017	12	4.33
USGS	15087700	00010	296501	2018	1	3.87
USGS	15087700	00010	296501	2018	2	2.24
USGS	15087700	00010	296501	2018	3	2.97
USGS	15087700	00010	296501	2018	4	4.68
USGS	15087700	00010	296501	2018	5	6.18
USGS	15087700	00010	296501	2018	6	7.77
USGS	15087700	00010	296501	2018	7	8.82
USGS	15087700	00010	296501	2018	8	9.5
USGS	15087700	00010	296501	2018	9	8.22
USGS	15087700	00010	296501	2018	10	7.66
USGS	15087700	00010	296501	2018	11	6.49
USGS	15087700	00010	296501	2018	12	4.98
USGS	15087700	00010	296501	2019	1	4.35
USGS	15087700	00010	296501	2019	2	2.87
USGS	15087700	00010	296501	2019	3	3.46
USGS	15087700	00010	296501	2019	4	5.2
USGS	15087700	00010	296501	2019	5	7.01
USGS	15087700	00010	296501	2019	8	10.02
USGS	15087700	00010	296501	2019	9	9.21
USGS	15087700	00010	296501	2019	10	6.85
USGS	15087700	00010	296501	2019	11	6.57
USGS	15087700	00010	296501	2019	12	4.93
USGS	15087700	00010	296501	2020	1	2.73
USGS	15087700	00010	296501	2020	2	3.2
USGS	15087700	00010	296501	2020	3	3.4
USGS	15087700	00010	296501	2020	4	4.14
USGS	15087700	00010	296501	2020	5	6.06
USGS	15087700	00010	296501	2020	6	7.03
USGS	15087700	00010	296501	2020	7	8.5
USGS	15087700	00010	296501	2020	8	8.8
USGS	15087700	00010	296501	2020	9	8.23
USGS	15087700	00010	296501	2020	10	6.79
USGS	15087700	00010	296501	2020	11	4.87
USGS	15087700	00010	296501	2020	12	5.14
USGS	15087700	00010	296501	2021	1	4.3
USGS	15087700	00010	296501	2021	2	2.4
USGS	15087700	00010	296501	2021	3	3.03
USGS	15087700	00010	296501	2021	4	3.8
USGS	15087700	00010	296501	2021	5	5.02
USGS	15087700	00010	296501	2021	6	6.6
USGS	15087700	00010	296501	2021	7	8.22
USGS	15087700	00010	296501	2021	8	8.78
USGS	15087700	00010	296501	2021	9	8.24
USGS	15087700	00010	296501	2021	10	6.18
USGS	15087700	00010	296501	2021	11	4.7

