agency_cd	site_no	parameter_cd	ts_id	year_nu	month_nu	mean_va
5s	15s	5s	3n	4s	2s	12n
USGS	15266300	00010	703	1998	11	2.48
USGS	15266300	00010	703	1998	12	0.19
USGS	15266300	00010	703	1999	1	0
USGS	15266300	00010	703	1999	2	0
USGS	15266300	00010	703	1999	3	0
USGS	15266300	00010	703	1999	4	1.03
USGS	15266300	00010	703	1999	5	6.63
USGS	15266300	00010	703	1999	6	8.75
USGS	15266300	00010	703	1999	7	12.13
USGS	15266300	00010	703	1999	8	11.68
USGS	15266300	00010	703	1999	9	9.47
USGS	15266300	00010	703	1999	10	5.16
USGS	15266300	00010	703	1999	11	1.88
USGS	15266300	00010	703	1999	12	0.02
USGS	15266300	00010	703	2000	3	0.21
USGS	15266300	00010	703	2000	4	3.1
USGS	15266300	00010	703	2000	5	6.85
USGS	15266300	00010	703	2000	6	9.43
USGS	15266300	00010	703	2000	7	11.11
USGS	15266300	00010	703	2000	8	11.37
USGS	15266300	00010	703	2000	9	8.8
USGS	15266300	00010	703	2000	10	5.29
USGS	15266300	00010	703	2000	11	2.65
USGS	15266300	00010	703	2000	12	1.32
USGS	15266300	00010	703	2001	1	1.24
USGS	15266300	00010	703	2001	2	0.54
USGS	15266300	00010	703	2001	3	1.16
USGS	15266300	00010	703	2001	4	3.42
USGS	15266300	00010	703	2001	5	6.39
USGS	15266300	00010	703	2001	6	10.02
USGS	15266300	00010	703	2001	7	11.55
USGS	15266300	00010	703	2001	8	12.21
USGS	15266300	00010	703	2014	6	8.88
USGS	15266300	00010	703	2014	7	12.4
USGS	15266300	00010	703	2014	8	12.39
USGS	15266300	00010	703	2014	9	9.52
USGS	15266300	00010	703	2014	10	5.04
USGS	15266300	00010	703	2014	11	2.88
USGS	15266300	00010	703	2014	12	2.15
USGS	15266300	00010	703	2015	1	0.49
USGS	15266300	00010	703	2015	2	0
USGS	15266300	00010	703	2015	3	0.46
USGS	15266300	00010	703	2015	4	3.8
USGS	15266300	00010	703	2015	5	7.5
USGS	15266300	00010	703	2015	6	10.36
USGS	15266300	00010	703	2015	7	11.76
USGS	15266300	00010	703	2015	8	13.52
USGS	15266300	00010	703	2015	9	9.21
USGS	15266300	00010	703	2015	10	6.37
USGS	15266300	00010	703	2015	11	2.18
USGS	15266300	00010	703	2015	12	1
USGS	15266300	00010	703	2016	1	0.94
USGS	15266300	00010	703	2016	2	0.74
USGS	15266300	00010	703	2016	3	1.7
USGS	15266300	00010	703	2016	4	4.14
USGS	15266300	00010	703	2016	5	7.29
USGS	15266300	00010	703	2016	6	10.41
USGS	15266300	00010	703	2016	7	13.44
USGS	15266300	00010	703	2016	8	12.2
USGS	15266300	00010	703	2016	9	10.21
USGS	15266300	00010	703	2016	11	2.49
USGS	15266300	00010	703	2016	12	0.07
USGS	15266300	00010	703	2017	1	0
USGS	15266300	00010	703	2017	2	0
USGS	15266300	00010	703	2017	3	0
USGS	15266300	00010	703	2017	4	2.08
USGS	15266300	00010	703	2017	5	7.08
USGS	15266300	00010	703	2017	6	9.78
USGS	15266300	00010	703	2017	7	12.09
USGS	15266300	00010	703	2017	8	12.47
USGS	15266300	00010	703	2017	9	9.43
USGS	15266300	00010	703	2017	10	5.9
USGS	15266300	00010	703	2017	11	1.36
USGS	15266300	00010	703	2017	12	1.11
USGS	15266300	00010	703	2018	1	0.23
USGS	15266300	00010	703	2018	2	0
USGS	15266300	00010	703	2018	3	0
USGS	15266300	00010	703	2018	4	2.39
USGS	15266300	00010	703	2018	5	6.71
USGS	15266300	00010	703	2018	6	9.02
USGS	15266300	00010	703	2018	7	11.29
USGS	15266300	00010	703	2018	8	11.11
USGS	15266300	00010	703	2018	9	10.73
USGS	15266300	00010	703	2018	10	7.24
USGS	15266300	00010	703	2018	12	2.05
USGS	15266300	00010	703	2019	1	0.3
USGS	15266300	00010	703	2019	2	0.14
USGS	15266300	00010	703	2019	3	1.26
USGS	15266300	00010	703	2019	4	4.12
USGS	15266300	00010	703	2019	5	6.65
USGS	15266300	00010	703	2019	6	10.91
USGS	15266300	00010	703	2019	7	13.93
USGS	15266300	00010	703	2019	8	13.75
USGS	15266300	00010	703	2019	9	10.19
USGS	15266300	00010	703	2019	10	6.3
USGS	15266300	00010	703	2019	11	3.82
USGS	15266300	00010	703	2019	12	1.55
USGS	15266300	00010	703	2020	1	0.01
USGS	15266300	00010	703	2020	2	0
USGS	15266300	00010	703	2020	3	0
USGS	15266300	00010	703	2020	4	1.28
USGS	15266300	00010	703	2020	5	7.21
USGS	15266300	00010	703	2020	6	10.28
USGS	15266300	00010	703	2020	7	12.78
USGS	15266300	00010	703	2020	8	13.3
USGS	15266300	00010	703	2020	9	10
USGS	15266300	00010	703	2020	10	6.33
USGS	15266300	00010	703	2020	11	2.12
USGS	15266300	00010	703	2020	12	0.48
USGS	15266300	00010	703	2021	1	0.18
USGS	15266300	00010	703	2021	2	0
USGS	15266300	00010	703	2021	3	0
USGS	15266300	00010	703	2021	4	1.16
USGS	15266300	00010	703	2021	5	6.15
USGS	15266300	00010	703	2021	6	8.81
USGS	15266300	00010	703	2021	8	12.03
USGS	15266300	00010	703	2021	9	9.54

