agency_cd	site_no	parameter_cd	ts_id	year_nu	month_nu	mean_va
5s	15s	5s	3n	4s	2s	12n
USGS	15258000	00010	681	2003	2	2.04
USGS	15258000	00010	681	2003	3	1.65
USGS	15258000	00010	681	2003	4	3.28
USGS	15258000	00010	681	2003	5	5.97
USGS	15258000	00010	681	2003	6	8.05
USGS	15258000	00010	681	2003	7	11.13
USGS	15258000	00010	681	2003	8	12.29
USGS	15258000	00010	681	2004	10	6.85
USGS	15258000	00010	681	2004	11	3.53
USGS	15258000	00010	681	2004	12	2.29
USGS	15258000	00010	681	2005	1	1.55
USGS	15258000	00010	681	2005	2	1
USGS	15258000	00010	681	2005	3	1.42
USGS	15258000	00010	681	2005	4	2.5
USGS	15258000	00010	681	2005	5	4.76
USGS	15258000	00010	681	2005	6	6.62
USGS	15258000	00010	681	2005	7	11.47
USGS	15258000	00010	681	2005	8	11.82
USGS	15258000	00010	681	2005	9	9.7
USGS	15258000	00010	681	2005	10	7.05
USGS	15258000	00010	681	2005	11	3.25
USGS	15258000	00010	681	2005	12	2.39
USGS	15258000	00010	681	2006	1	1.68
USGS	15258000	00010	681	2006	2	0.54
USGS	15258000	00010	681	2006	3	0.87
USGS	15258000	00010	681	2006	4	1.87
USGS	15258000	00010	681	2006	5	3.37
USGS	15258000	00010	681	2006	6	6.03
USGS	15258000	00010	681	2006	7	9.56
USGS	15258000	00010	681	2006	8	9.81
USGS	15258000	00010	681	2006	9	8.9
USGS	15258000	00010	681	2006	10	6.63
USGS	15258000	00010	681	2006	11	3.13
USGS	15258000	00010	681	2006	12	2.4
USGS	15258000	00010	681	2007	1	0.81
USGS	15258000	00010	681	2007	2	0.46
USGS	15258000	00010	681	2007	3	0.76
USGS	15258000	00010	681	2007	4	1.83
USGS	15258000	00010	681	2007	5	3.77
USGS	15258000	00010	681	2007	6	6.03
USGS	15258000	00010	681	2007	7	9.6
USGS	15258000	00010	681	2007	8	11.35
USGS	15258000	00010	681	2007	9	9.53
USGS	15258000	00010	681	2007	10	6.19
USGS	15258000	00010	681	2007	11	4.48
USGS	15258000	00010	681	2007	12	2.6
USGS	15258000	00010	681	2008	1	1.16
USGS	15258000	00010	681	2008	2	0.67
USGS	15258000	00010	681	2008	3	1.23
USGS	15258000	00010	681	2008	4	1.9
USGS	15258000	00010	681	2008	5	3.32
USGS	15258000	00010	681	2008	6	5.62
USGS	15258000	00010	681	2008	7	8.13
USGS	15258000	00010	681	2008	8	10.1
USGS	15258000	00010	681	2008	9	9.13
USGS	15258000	00010	681	2008	10	5.85
USGS	15258000	00010	681	2008	11	2.92
USGS	15258000	00010	681	2008	12	1.9
USGS	15258000	00010	681	2009	1	0.73
USGS	15258000	00010	681	2009	2	0.7
USGS	15258000	00010	681	2009	3	0.85
USGS	15258000	00010	681	2009	4	1.52
USGS	15258000	00010	681	2009	5	3.34
USGS	15258000	00010	681	2009	6	6.07
USGS	15258000	00010	681	2009	7	10.03
USGS	15258000	00010	681	2009	8	10.1
USGS	15258000	00010	681	2009	9	9.97
USGS	15258000	00010	681	2009	11	3.43
USGS	15258000	00010	681	2009	12	2.15
USGS	15258000	00010	681	2010	1	1.81
USGS	15258000	00010	681	2010	2	1.27
USGS	15258000	00010	681	2010	3	1.37
USGS	15258000	00010	681	2010	4	2.22
USGS	15258000	00010	681	2010	5	4.48
USGS	15258000	00010	681	2010	6	6.78
USGS	15258000	00010	681	2010	7	8.89
USGS	15258000	00010	681	2010	8	9.74
USGS	15258000	00010	681	2010	9	9.3
USGS	15258000	00010	681	2010	10	6.97
USGS	15258000	00010	681	2010	12	2.24
USGS	15258000	00010	681	2011	1	1.06
USGS	15258000	00010	681	2011	2	1.14
USGS	15258000	00010	681	2011	3	1.5
USGS	15258000	00010	681	2011	4	2.83
USGS	15258000	00010	681	2011	5	4.65
USGS	15258000	00010	681	2011	6	7.68
USGS	15258000	00010	681	2011	7	10.13
USGS	15258000	00010	681	2011	8	11.13
USGS	15258000	00010	681	2011	9	9.8
USGS	15258000	00010	681	2011	10	6.58
USGS	15258000	00010	681	2011	11	3.2
USGS	15258000	00010	681	2011	12	2.13
USGS	15258000	00010	681	2012	1	0.92
USGS	15258000	00010	681	2012	2	0.5
USGS	15258000	00010	681	2012	3	0.55
USGS	15258000	00010	681	2012	4	1.8
USGS	15258000	00010	681	2012	5	3.84
USGS	15258000	00010	681	2012	6	6.15
USGS	15258000	00010	681	2012	10	5.56
USGS	15258000	00010	681	2012	11	2.82
USGS	15258000	00010	681	2012	12	2.02
USGS	15258000	00010	681	2013	1	1.31
USGS	15258000	00010	681	2013	2	1.02
USGS	15258000	00010	681	2013	3	0.98
USGS	15258000	00010	681	2013	4	1.62
USGS	15258000	00010	681	2013	5	3.34
USGS	15258000	00010	681	2013	6	5.38
USGS	15258000	00010	681	2013	7	7.45
USGS	15258000	00010	681	2013	8	11.6
USGS	15258000	00010	681	2013	9	8.8
USGS	15258000	00010	681	2013	10	6.23
USGS	15258000	00010	681	2013	11	4.16
USGS	15258000	00010	681	2013	12	2.27
USGS	15258000	00010	681	2014	1	1.53
USGS	15258000	00010	681	2014	2	1.1
USGS	15258000	00010	681	2014	3	1.05
USGS	15258000	00010	681	2014	4	2.22
USGS	15258000	00010	681	2014	6	7.09
USGS	15258000	00010	681	2014	7	9.61
USGS	15258000	00010	681	2014	8	11.81
USGS	15258000	00010	681	2014	9	8.94
USGS	15258000	00010	681	2014	10	5.64
USGS	15258000	00010	681	2014	11	4.93
USGS	15258000	00010	681	2014	12	3.54
USGS	15258000	00010	681	2015	1	2.99
USGS	15258000	00010	681	2015	2	2.37
USGS	15258000	00010	681	2015	3	2.87
USGS	15258000	00010	681	2015	4	3.83
USGS	15258000	00010	681	2015	5	5.62
USGS	15258000	00010	681	2015	6	7.87
USGS	15258000	00010	681	2015	7	9.77
USGS	15258000	00010	681	2015	8	10.64
USGS	15258000	00010	681	2015	9	8.8
USGS	15258000	00010	681	2015	10	7.21
USGS	15258000	00010	681	2016	4	4.07
USGS	15258000	00010	681	2016	5	6.15
USGS	15258000	00010	681	2016	6	8.91
USGS	15258000	00010	681	2016	7	11.24
USGS	15258000	00010	681	2016	8	12.53
USGS	15258000	00010	681	2016	9	10.1
USGS	15258000	00010	681	2016	10	7.06
USGS	15258000	00010	681	2016	11	4.84
USGS	15258000	00010	681	2016	12	2.67
USGS	15258000	00010	681	2017	1	1.8
USGS	15258000	00010	681	2017	2	0.88
USGS	15258000	00010	681	2017	3	0.77
USGS	15258000	00010	681	2017	4	2.21
USGS	15258000	00010	681	2017	5	3.79
USGS	15258000	00010	681	2017	6	6.57
USGS	15258000	00010	681	2017	7	10.21
USGS	15258000	00010	681	2017	8	11.88
USGS	15258000	00010	681	2017	9	9.15
USGS	15258000	00010	681	2017	10	6.07
USGS	15258000	00010	681	2017	11	3.16
USGS	15258000	00010	681	2017	12	2.07
USGS	15258000	00010	681	2018	1	1.99
USGS	15258000	00010	681	2018	2	1.04
USGS	15258000	00010	681	2018	3	0.96
USGS	15258000	00010	681	2018	4	2.08
USGS	15258000	00010	681	2018	5	3.76
USGS	15258000	00010	681	2018	6	5.79
USGS	15258000	00010	681	2018	7	9.36
USGS	15258000	00010	681	2018	8	10.37
USGS	15258000	00010	681	2018	9	9.38
USGS	15258000	00010	681	2018	10	8.49
USGS	15258000	00010	681	2018	11	4.96
USGS	15258000	00010	681	2018	12	3.33
USGS	15258000	00010	681	2019	1	2.48
USGS	15258000	00010	681	2019	2	2.08
USGS	15258000	00010	681	2019	3	1.84
USGS	15258000	00010	681	2019	4	3.14
USGS	15258000	00010	681	2019	5	4.92
USGS	15258000	00010	681	2019	6	7.66
USGS	15258000	00010	681	2019	7	11.25
USGS	15258000	00010	681	2019	8	11.24
USGS	15258000	00010	681	2019	9	10.63
USGS	15258000	00010	681	2019	10	6.44
USGS	15258000	00010	681	2019	11	5.14
USGS	15258000	00010	681	2019	12	3.38
USGS	15258000	00010	681	2020	1	1.96
USGS	15258000	00010	681	2020	2	0.83
USGS	15258000	00010	681	2020	3	1.25
USGS	15258000	00010	681	2020	4	2.44
USGS	15258000	00010	681	2020	5	4.6
USGS	15258000	00010	681	2020	6	7.86
USGS	15258000	00010	681	2020	7	10.38
USGS	15258000	00010	681	2020	8	12.08
USGS	15258000	00010	681	2020	9	10.63
USGS	15258000	00010	681	2020	10	7.4
USGS	15258000	00010	681	2020	11	3.11
USGS	15258000	00010	681	2020	12	2.09
USGS	15258000	00010	681	2021	1	1.88
USGS	15258000	00010	681	2021	2	1.37
USGS	15258000	00010	681	2021	3	0.88
USGS	15258000	00010	681	2021	4	1.91
USGS	15258000	00010	681	2021	5	3.79
USGS	15258000	00010	681	2021	6	6.15
USGS	15258000	00010	681	2021	7	8.65
USGS	15258000	00010	681	2021	8	10.75
USGS	15258000	00010	681	2021	9	8.81
USGS	15258000	00010	681	2021	10	5.78
USGS	15258000	00010	681	2021	11	3.87
USGS	15258000	00010	681	2021	12	2.1

