agency_cd	site_no	parameter_cd	ts_id	year_nu	month_nu	mean_va
5s	15s	5s	3n	4s	2s	12n
USGS	15302200	00010	969	2006	7	9.42
USGS	15302200	00010	969	2006	8	8.31
USGS	15302200	00010	969	2006	9	6.93
USGS	15302200	00010	969	2006	10	3.55
USGS	15302200	00010	969	2006	11	0.03
USGS	15302200	00010	969	2006	12	0.1
USGS	15302200	00010	969	2007	1	0
USGS	15302200	00010	969	2007	2	0.71
USGS	15302200	00010	969	2007	3	0.06
USGS	15302200	00010	969	2007	4	1.27
USGS	15302200	00010	969	2007	5	4
USGS	15302200	00010	969	2007	6	8.15
USGS	15302200	00010	969	2007	7	8.82
USGS	15302200	00010	969	2007	8	8.66
USGS	15302200	00010	969	2007	9	6.77
USGS	15302200	00010	969	2007	10	2.24
USGS	15302200	00010	969	2008	1	0
USGS	15302200	00010	969	2008	2	0
USGS	15302200	00010	969	2008	3	0.03
USGS	15302200	00010	969	2008	4	1.13
USGS	15302200	00010	969	2008	5	2.37
USGS	15302200	00010	969	2008	6	6.8
USGS	15302200	00010	969	2008	7	8.84
USGS	15302200	00010	969	2008	8	8.82
USGS	15302200	00010	969	2008	9	6.22
USGS	15302200	00010	969	2008	10	1.11
USGS	15302200	00010	969	2008	11	0.23
USGS	15302200	00010	969	2008	12	0.15
USGS	15302200	00010	969	2009	1	0.02
USGS	15302200	00010	969	2009	2	0.14
USGS	15302200	00010	969	2009	3	0.03
USGS	15302200	00010	969	2009	4	0.07
USGS	15302200	00010	969	2009	8	8.69
USGS	15302200	00010	969	2009	9	6.08
USGS	15302200	00010	969	2009	10	3.77
USGS	15302200	00010	969	2009	11	0.13
USGS	15302200	00010	969	2010	1	0.15
USGS	15302200	00010	969	2010	2	0.59
USGS	15302200	00010	969	2010	3	0.27
USGS	15302200	00010	969	2010	4	1.37
USGS	15302200	00010	969	2010	5	3.23
USGS	15302200	00010	969	2010	8	8.13
USGS	15302200	00010	969	2010	9	6.3
USGS	15302200	00010	969	2010	10	2.39
USGS	15302200	00010	969	2010	11	0.38
USGS	15302200	00010	969	2010	12	0
USGS	15302200	00010	969	2011	1	0
USGS	15302200	00010	969	2011	2	0.04
USGS	15302200	00010	969	2011	3	0.32
USGS	15302200	00010	969	2011	4	0.83
USGS	15302200	00010	969	2011	5	2.92
USGS	15302200	00010	969	2011	6	6.67
USGS	15302200	00010	969	2011	7	8.16
USGS	15302200	00010	969	2011	8	7.94
USGS	15302200	00010	969	2011	9	6.22
USGS	15302200	00010	969	2011	10	2.87
USGS	15302200	00010	969	2011	11	0.02
USGS	15302200	00010	969	2011	12	0.1
USGS	15302200	00010	969	2012	1	0
USGS	15302200	00010	969	2012	2	0
USGS	15302200	00010	969	2012	3	0
USGS	15302200	00010	969	2012	4	0.57
USGS	15302200	00010	969	2012	5	2.34
USGS	15302200	00010	969	2012	6	6.67
USGS	15302200	00010	969	2012	7	7.92
USGS	15302200	00010	969	2012	8	8.15
USGS	15302200	00010	969	2012	9	5.7
USGS	15302200	00010	969	2012	10	1.92
USGS	15302200	00010	969	2012	11	0.17
USGS	15302200	00010	969	2012	12	0.02
USGS	15302200	00010	969	2013	1	0.32
USGS	15302200	00010	969	2013	2	0.02
USGS	15302200	00010	969	2013	3	0
USGS	15302200	00010	969	2013	4	0.87
USGS	15302200	00010	969	2013	5	2.05
USGS	15302200	00010	969	2013	6	8.15
USGS	15302200	00010	969	2013	7	9.81
USGS	15302200	00010	969	2013	8	8.55
USGS	15302200	00010	969	2013	9	5.47
USGS	15302200	00010	969	2013	10	3.84
USGS	15302200	00010	969	2013	11	0.86
USGS	15302200	00010	969	2013	12	0.34
USGS	15302200	00010	969	2014	1	0.85
USGS	15302200	00010	969	2014	2	0.23
USGS	15302200	00010	969	2014	3	0.53
USGS	15302200	00010	969	2014	4	2.33
USGS	15302200	00010	969	2014	5	6.92
USGS	15302200	00010	969	2014	6	7.69
USGS	15302200	00010	969	2014	7	9.9
USGS	15302200	00010	969	2014	8	9.15
USGS	15302200	00010	969	2014	9	6.91
USGS	15302200	00010	969	2014	10	1.47
USGS	15302200	00010	969	2014	11	1.61
USGS	15302200	00010	969	2014	12	0.95
USGS	15302200	00010	969	2015	1	0.62
USGS	15302200	00010	969	2015	2	0.66
USGS	15302200	00010	969	2015	3	1.4
USGS	15302200	00010	969	2015	4	2.45
USGS	15302200	00010	969	2015	5	5.79
USGS	15302200	00010	969	2015	6	9.94
USGS	15302200	00010	969	2015	7	9.96
USGS	15302200	00010	969	2015	8	9.47
USGS	15302200	00010	969	2015	9	6.21
USGS	15302200	00010	969	2017	9	6.8
USGS	15302200	00010	969	2017	10	3.47
USGS	15302200	00010	969	2017	11	0.76
USGS	15302200	00010	969	2017	12	0.87
USGS	15302200	00010	969	2018	1	0.5
USGS	15302200	00010	969	2018	2	0.14
USGS	15302200	00010	969	2018	3	0.75
USGS	15302200	00010	969	2018	4	2.1
USGS	15302200	00010	969	2018	5	3.25
USGS	15302200	00010	969	2018	6	8.06
USGS	15302200	00010	969	2018	7	9.74
USGS	15302200	00010	969	2018	8	8.74
USGS	15302200	00010	969	2018	9	7.45
USGS	15302200	00010	969	2018	10	4.68
USGS	15302200	00010	969	2018	11	1.3
USGS	15302200	00010	969	2018	12	0.42
USGS	15302200	00010	969	2019	1	0.41
USGS	15302200	00010	969	2019	2	0.38
USGS	15302200	00010	969	2019	3	0.99
USGS	15302200	00010	969	2019	4	2.71
USGS	15302200	00010	969	2019	5	4.7
USGS	15302200	00010	969	2019	6	10.12
USGS	15302200	00010	969	2019	7	11.65
USGS	15302200	00010	969	2019	8	9.88
USGS	15302200	00010	969	2019	9	7.71
USGS	15302200	00010	969	2019	11	2.46
USGS	15302200	00010	969	2019	12	0.52
USGS	15302200	00010	969	2020	1	0
USGS	15302200	00010	969	2020	5	4.71
USGS	15302200	00010	969	2020	6	8.82
USGS	15302200	00010	969	2020	7	10.53
USGS	15302200	00010	969	2020	8	9.27
USGS	15302200	00010	969	2020	9	6.66
USGS	15302200	00010	969	2020	10	3.49
USGS	15302200	00010	969	2020	12	0.29
USGS	15302200	00010	969	2021	1	0.26
USGS	15302200	00010	969	2021	3	0.02
USGS	15302200	00010	969	2021	4	0.83
USGS	15302200	00010	969	2021	5	3.49
USGS	15302200	00010	969	2021	6	8.16
USGS	15302200	00010	969	2021	7	9.57

