agency_cd	site_no	parameter_cd	ts_id	year_nu	month_nu	mean_va
5s	15s	5s	3n	4s	2s	12n
USGS	15302812	00010	284853	2016	11	0.45
USGS	15302812	00010	284853	2016	12	0
USGS	15302812	00010	284853	2017	1	0
USGS	15302812	00010	284853	2017	2	0
USGS	15302812	00010	284853	2017	3	0
USGS	15302812	00010	284853	2017	4	0.59
USGS	15302812	00010	284853	2017	5	8.29
USGS	15302812	00010	284853	2017	6	13.59
USGS	15302812	00010	284853	2017	7	14.27
USGS	15302812	00010	284853	2017	8	12.11
USGS	15302812	00010	284853	2017	9	8.2
USGS	15302812	00010	284853	2017	10	3.33
USGS	15302812	00010	284853	2017	11	0.2
USGS	15302812	00010	284853	2017	12	0
USGS	15302812	00010	284853	2018	1	0
USGS	15302812	00010	284853	2018	2	0
USGS	15302812	00010	284853	2018	3	0
USGS	15302812	00010	284853	2018	4	0.75
USGS	15302812	00010	284853	2018	5	6.25
USGS	15302812	00010	284853	2018	6	12.01
USGS	15302812	00010	284853	2018	9	9.47
USGS	15302812	00010	284853	2018	10	5.53
USGS	15302812	00010	284853	2018	11	0.31
USGS	15302812	00010	284853	2018	12	0
USGS	15302812	00010	284853	2019	3	0
USGS	15302812	00010	284853	2019	4	2.85
USGS	15302812	00010	284853	2019	5	6.64
USGS	15302812	00010	284853	2019	6	13.67
USGS	15302812	00010	284853	2019	7	16.6
USGS	15302812	00010	284853	2019	11	1.3
USGS	15302812	00010	284853	2019	12	0.03
USGS	15302812	00010	284853	2020	1	0
USGS	15302812	00010	284853	2020	2	0
USGS	15302812	00010	284853	2020	3	0
USGS	15302812	00010	284853	2020	4	0.8
USGS	15302812	00010	284853	2020	5	7.88
USGS	15302812	00010	284853	2020	6	12.38
USGS	15302812	00010	284853	2020	7	15.07
USGS	15302812	00010	284853	2020	8	13.28
USGS	15302812	00010	284853	2020	9	8.48
USGS	15302812	00010	284853	2020	10	4.24
USGS	15302812	00010	284853	2020	11	0.05
USGS	15302812	00010	284853	2020	12	0
USGS	15302812	00010	284853	2021	1	0
USGS	15302812	00010	284853	2021	2	0
USGS	15302812	00010	284853	2021	3	0
USGS	15302812	00010	284853	2021	4	0.16
USGS	15302812	00010	284853	2021	5	6.09
USGS	15302812	00010	284853	2021	6	11.23
USGS	15302812	00010	284853	2021	7	12.89
USGS	15302812	00010	284853	2021	8	12.32

