agency_cd	site_no	parameter_cd	ts_id	year_nu	month_nu	mean_va
5s	15s	5s	3n	4s	2s	12n
USGS	15294080	00010	246059	2017	6	14.45
USGS	15294080	00010	246059	2017	8	13.65
USGS	15294080	00010	246059	2017	9	9.01
USGS	15294080	00010	246059	2018	6	13.3
USGS	15294080	00010	246059	2018	7	16.44
USGS	15294080	00010	246059	2018	8	13.17
USGS	15294080	00010	246059	2018	9	9.58
USGS	15294080	00010	246059	2018	10	4.82
USGS	15294080	00010	246059	2018	12	0
USGS	15294080	00010	246059	2019	3	0
USGS	15294080	00010	246059	2019	4	1.83
USGS	15294080	00010	246059	2019	5	7.12
USGS	15294080	00010	246059	2019	7	18.66
USGS	15294080	00010	246059	2019	8	14.88
USGS	15294080	00010	246059	2019	9	9.3
USGS	15294080	00010	246059	2019	10	2.4
USGS	15294080	00010	246059	2019	11	0.39
USGS	15294080	00010	246059	2019	12	0
USGS	15294080	00010	246059	2020	2	0
USGS	15294080	00010	246059	2020	3	0
USGS	15294080	00010	246059	2020	4	0.02
USGS	15294080	00010	246059	2020	5	6.59
USGS	15294080	00010	246059	2020	6	14.2
USGS	15294080	00010	246059	2020	7	16.43
USGS	15294080	00010	246059	2020	8	15.12
USGS	15294080	00010	246059	2020	9	9.24
USGS	15294080	00010	246059	2020	10	2.79
USGS	15294080	00010	246059	2020	11	0.15
USGS	15294080	00010	246059	2021	1	0
USGS	15294080	00010	246059	2021	2	0
USGS	15294080	00010	246059	2021	3	0
USGS	15294080	00010	246059	2021	4	0.18
USGS	15294080	00010	246059	2021	5	7.43
USGS	15294080	00010	246059	2021	6	14.83
USGS	15294080	00010	246059	2021	7	15.95
USGS	15294080	00010	246059	2021	8	13.95
USGS	15294080	00010	246059	2021	9	7.85

