agency_cd	site_no	parameter_cd	ts_id	year_nu	month_nu	mean_va
5s	15s	5s	3n	4s	2s	12n
USGS	15284000	00010	255368	2015	7	8.78
USGS	15284000	00010	255368	2015	8	7.85
USGS	15284000	00010	255368	2015	9	5.79
USGS	15284000	00010	255368	2015	10	3.36
USGS	15284000	00010	255368	2015	11	0.22
USGS	15284000	00010	255368	2015	12	0.15
USGS	15284000	00010	255368	2016	1	0.26
USGS	15284000	00010	255368	2016	2	0.25
USGS	15284000	00010	255368	2016	3	0.42
USGS	15284000	00010	255368	2016	4	3.46
USGS	15284000	00010	255368	2016	5	7.8
USGS	15284000	00010	255368	2016	6	8.78
USGS	15284000	00010	255368	2016	7	8.8
USGS	15284000	00010	255368	2016	8	7.69
USGS	15284000	00010	255368	2016	9	6
USGS	15284000	00010	255368	2016	10	2
USGS	15284000	00010	255368	2017	6	8.59
USGS	15284000	00010	255368	2017	7	8.56
USGS	15284000	00010	255368	2017	8	7.71
USGS	15284000	00010	255368	2017	9	6.38
USGS	15284000	00010	255368	2017	10	2.64
USGS	15284000	00010	255368	2017	11	0.19
USGS	15284000	00010	255368	2017	12	0.18
USGS	15284000	00010	255368	2018	1	0.06
USGS	15284000	00010	255368	2018	2	0
USGS	15284000	00010	255368	2018	3	0.06
USGS	15284000	00010	255368	2018	4	0.63
USGS	15284000	00010	255368	2018	5	5.64
USGS	15284000	00010	255368	2018	6	7.9
USGS	15284000	00010	255368	2018	7	8.69
USGS	15284000	00010	255368	2018	8	7.24
USGS	15284000	00010	255368	2018	9	6.74
USGS	15284000	00010	255368	2018	10	3.53
USGS	15284000	00010	255368	2018	11	0.12
USGS	15284000	00010	255368	2018	12	0.02
USGS	15284000	00010	255368	2019	1	0
USGS	15284000	00010	255368	2019	3	0.23
USGS	15284000	00010	255368	2019	4	2.68
USGS	15284000	00010	255368	2019	5	7.08
USGS	15284000	00010	255368	2019	6	9.03
USGS	15284000	00010	255368	2019	7	8.81
USGS	15284000	00010	255368	2019	8	8.17
USGS	15284000	00010	255368	2019	9	6.33
USGS	15284000	00010	255368	2019	10	2.7
USGS	15284000	00010	255368	2019	11	0.61
USGS	15284000	00010	255368	2019	12	0.16
USGS	15284000	00010	255368	2020	1	0.14
USGS	15284000	00010	255368	2020	2	0.18
USGS	15284000	00010	255368	2020	3	0.21
USGS	15284000	00010	255368	2020	4	0.76
USGS	15284000	00010	255368	2020	5	7.01
USGS	15284000	00010	255368	2020	6	8.09
USGS	15284000	00010	255368	2020	7	8.84
USGS	15284000	00010	255368	2020	8	8.03
USGS	15284000	00010	255368	2020	9	6.27
USGS	15284000	00010	255368	2020	10	2.27
USGS	15284000	00010	255368	2020	11	0.11
USGS	15284000	00010	255368	2020	12	0.17
USGS	15284000	00010	255368	2021	1	0.18
USGS	15284000	00010	255368	2021	2	0.05
USGS	15284000	00010	255368	2021	3	0.12
USGS	15284000	00010	255368	2021	5	6.72
USGS	15284000	00010	255368	2021	6	8.5
USGS	15284000	00010	255368	2021	7	8.54
USGS	15284000	00010	255368	2021	8	7.8

