agency_cd	site_no	parameter_cd	ts_id	year_nu	month_nu	mean_va
5s	15s	5s	3n	4s	2s	12n
USGS	15283700	00010	773	2010	10	1.84
USGS	15283700	00010	773	2010	11	0.07
USGS	15283700	00010	773	2010	12	0
USGS	15283700	00010	773	2011	1	0.03
USGS	15283700	00010	773	2011	2	0.36
USGS	15283700	00010	773	2011	3	0.35
USGS	15283700	00010	773	2011	4	0.57
USGS	15283700	00010	773	2011	5	4.74
USGS	15283700	00010	773	2011	6	7.27
USGS	15283700	00010	773	2011	7	9.03
USGS	15283700	00010	773	2011	8	7.53
USGS	15283700	00010	773	2011	9	5.95
USGS	15283700	00010	773	2011	10	1.89
USGS	15283700	00010	773	2011	11	0
USGS	15283700	00010	773	2011	12	0.05
USGS	15283700	00010	773	2012	1	0
USGS	15283700	00010	773	2012	2	0
USGS	15283700	00010	773	2012	3	0.03
USGS	15283700	00010	773	2012	4	0.87
USGS	15283700	00010	773	2012	5	4.35
USGS	15283700	00010	773	2012	6	5.95
USGS	15283700	00010	773	2012	7	7.53
USGS	15283700	00010	773	2012	8	7.94
USGS	15283700	00010	773	2013	1	0.11
USGS	15283700	00010	773	2013	2	0
USGS	15283700	00010	773	2013	3	0
USGS	15283700	00010	773	2013	4	0
USGS	15283700	00010	773	2013	7	9.47
USGS	15283700	00010	773	2013	8	9.21
USGS	15283700	00010	773	2013	9	5.87
USGS	15283700	00010	773	2013	10	3.94
USGS	15283700	00010	773	2013	11	0.53
USGS	15283700	00010	773	2013	12	0
USGS	15283700	00010	773	2014	1	0.32
USGS	15283700	00010	773	2014	2	0
USGS	15283700	00010	773	2014	3	0.13
USGS	15283700	00010	773	2014	4	1
USGS	15283700	00010	773	2014	5	5.21
USGS	15283700	00010	773	2014	6	6.55
USGS	15283700	00010	773	2014	7	8.15
USGS	15283700	00010	773	2014	8	8.8
USGS	15283700	00010	773	2014	9	6
USGS	15283700	00010	773	2014	10	1.43
USGS	15283700	00010	773	2014	11	0.03
USGS	15283700	00010	773	2014	12	0
USGS	15283700	00010	773	2015	1	0.01
USGS	15283700	00010	773	2015	2	0
USGS	15283700	00010	773	2015	3	0.1
USGS	15283700	00010	773	2015	4	1.59
USGS	15283700	00010	773	2015	5	6.18
USGS	15283700	00010	773	2015	6	8.28
USGS	15283700	00010	773	2015	7	10.14
USGS	15283700	00010	773	2015	8	8.91
USGS	15283700	00010	773	2015	9	5.64
USGS	15283700	00010	773	2015	10	3.39
USGS	15283700	00010	773	2015	11	0.17
USGS	15283700	00010	773	2015	12	0
USGS	15283700	00010	773	2016	1	0.08
USGS	15283700	00010	773	2016	2	0.08
USGS	15283700	00010	773	2016	3	0.33
USGS	15283700	00010	773	2016	5	5.89
USGS	15283700	00010	773	2016	6	7.37
USGS	15283700	00010	773	2016	7	9.85
USGS	15283700	00010	773	2016	8	9.19
USGS	15283700	00010	773	2016	9	6.62
USGS	15283700	00010	773	2016	10	1.65
USGS	15283700	00010	773	2016	11	0.3
USGS	15283700	00010	773	2016	12	0.12
USGS	15283700	00010	773	2017	1	0.18
USGS	15283700	00010	773	2017	2	0.25
USGS	15283700	00010	773	2017	3	0.16
USGS	15283700	00010	773	2017	4	1.19
USGS	15283700	00010	773	2017	5	5.33
USGS	15283700	00010	773	2017	6	7.53
USGS	15283700	00010	773	2017	7	9.5
USGS	15283700	00010	773	2017	8	8.78
USGS	15283700	00010	773	2017	9	6.7
USGS	15283700	00010	773	2017	10	2.65
USGS	15283700	00010	773	2017	11	0.08
USGS	15283700	00010	773	2017	12	0.02
USGS	15283700	00010	773	2018	1	0
USGS	15283700	00010	773	2018	2	0
USGS	15283700	00010	773	2018	3	0.1
USGS	15283700	00010	773	2018	4	0.71
USGS	15283700	00010	773	2018	5	3.55
USGS	15283700	00010	773	2018	6	5.39
USGS	15283700	00010	773	2018	7	7.99
USGS	15283700	00010	773	2018	8	7.11
USGS	15283700	00010	773	2018	9	6.52
USGS	15283700	00010	773	2018	10	3.79
USGS	15283700	00010	773	2018	11	0.17
USGS	15283700	00010	773	2018	12	0.08
USGS	15283700	00010	773	2019	1	0.04
USGS	15283700	00010	773	2019	2	0.03
USGS	15283700	00010	773	2019	3	0.55
USGS	15283700	00010	773	2019	4	1.53
USGS	15283700	00010	773	2019	5	5.42
USGS	15283700	00010	773	2019	6	7.86
USGS	15283700	00010	773	2019	7	11.32
USGS	15283700	00010	773	2019	8	10.45
USGS	15283700	00010	773	2019	9	7.21
USGS	15283700	00010	773	2019	10	2.97
USGS	15283700	00010	773	2019	11	0.92
USGS	15283700	00010	773	2019	12	0.22
USGS	15283700	00010	773	2020	1	0.35
USGS	15283700	00010	773	2020	2	0.43
USGS	15283700	00010	773	2020	3	0.47
USGS	15283700	00010	773	2020	4	0.93
USGS	15283700	00010	773	2020	5	5.02
USGS	15283700	00010	773	2020	6	6.4
USGS	15283700	00010	773	2020	7	8.25
USGS	15283700	00010	773	2020	8	8.89
USGS	15283700	00010	773	2020	9	6.03
USGS	15283700	00010	773	2020	10	2.33
USGS	15283700	00010	773	2020	11	0
USGS	15283700	00010	773	2020	12	0.09
USGS	15283700	00010	773	2021	1	0.16
USGS	15283700	00010	773	2021	2	0
USGS	15283700	00010	773	2021	4	0.41
USGS	15283700	00010	773	2021	5	4.41
USGS	15283700	00010	773	2021	6	6.64
USGS	15283700	00010	773	2021	7	8.74
USGS	15283700	00010	773	2021	8	8.13

