agency_cd	site_no	parameter_cd	ts_id	year_nu	month_nu	mean_va
5s	15s	5s	3n	4s	2s	12n
USGS	15302000	00010	965	2014	7	14.59
USGS	15302000	00010	965	2014	8	14.31
USGS	15302000	00010	965	2014	9	11
USGS	15302000	00010	965	2014	10	2.94
USGS	15302000	00010	965	2014	11	0.98
USGS	15302000	00010	965	2014	12	0.13
USGS	15302000	00010	965	2015	1	0.13
USGS	15302000	00010	965	2015	2	0.26
USGS	15302000	00010	965	2015	3	1.01
USGS	15302000	00010	965	2015	4	2.21
USGS	15302000	00010	965	2015	5	4.48
USGS	15302000	00010	965	2015	6	9.06
USGS	15302000	00010	965	2015	7	12.58
USGS	15302000	00010	965	2015	8	14.73
USGS	15302000	00010	965	2015	9	9.78
USGS	15302000	00010	965	2015	10	5.97
USGS	15302000	00010	965	2015	11	1.09
USGS	15302000	00010	965	2015	12	0.04
USGS	15302000	00010	965	2016	1	0.12
USGS	15302000	00010	965	2016	2	0.22
USGS	15302000	00010	965	2016	3	0.58
USGS	15302000	00010	965	2016	4	2.74
USGS	15302000	00010	965	2016	5	6.57
USGS	15302000	00010	965	2016	6	11.52
USGS	15302000	00010	965	2016	7	16.37
USGS	15302000	00010	965	2016	8	15.24
USGS	15302000	00010	965	2016	9	12.24
USGS	15302000	00010	965	2016	10	5.9
USGS	15302000	00010	965	2016	11	0.97
USGS	15302000	00010	965	2016	12	0
USGS	15302000	00010	965	2017	1	0.07
USGS	15302000	00010	965	2017	2	0.04
USGS	15302000	00010	965	2017	3	0.19
USGS	15302000	00010	965	2017	4	1.13
USGS	15302000	00010	965	2017	5	4.86
USGS	15302000	00010	965	2017	6	10.53
USGS	15302000	00010	965	2017	7	14.46
USGS	15302000	00010	965	2017	8	13.36
USGS	15302000	00010	965	2017	9	9.8
USGS	15302000	00010	965	2017	10	5.48
USGS	15302000	00010	965	2017	11	0.94
USGS	15302000	00010	965	2017	12	0.11
USGS	15302000	00010	965	2018	1	0.06
USGS	15302000	00010	965	2018	2	0
USGS	15302000	00010	965	2018	3	0.21
USGS	15302000	00010	965	2018	4	1.05
USGS	15302000	00010	965	2018	5	4.19
USGS	15302000	00010	965	2018	6	8.73
USGS	15302000	00010	965	2018	7	10.45
USGS	15302000	00010	965	2018	8	12.01
USGS	15302000	00010	965	2018	9	11.43
USGS	15302000	00010	965	2018	10	7.33
USGS	15302000	00010	965	2018	11	1.36
USGS	15302000	00010	965	2018	12	0.03
USGS	15302000	00010	965	2019	1	0.03
USGS	15302000	00010	965	2019	2	0.23
USGS	15302000	00010	965	2019	3	0.65
USGS	15302000	00010	965	2019	4	1.66
USGS	15302000	00010	965	2019	5	4.13
USGS	15302000	00010	965	2019	6	9.49
USGS	15302000	00010	965	2019	7	16.45
USGS	15302000	00010	965	2019	8	16.54
USGS	15302000	00010	965	2019	9	11.1
USGS	15302000	00010	965	2019	10	5.67
USGS	15302000	00010	965	2019	11	1.88
USGS	15302000	00010	965	2019	12	0.1
USGS	15302000	00010	965	2020	1	0.02
USGS	15302000	00010	965	2020	2	0.03
USGS	15302000	00010	965	2020	3	0.18
USGS	15302000	00010	965	2020	4	0.81
USGS	15302000	00010	965	2020	5	4.34
USGS	15302000	00010	965	2020	6	9.87
USGS	15302000	00010	965	2020	7	15.3
USGS	15302000	00010	965	2020	8	15.39
USGS	15302000	00010	965	2020	9	10.12
USGS	15302000	00010	965	2020	10	5.98
USGS	15302000	00010	965	2020	11	0.65
USGS	15302000	00010	965	2020	12	0.07
USGS	15302000	00010	965	2021	1	0.06
USGS	15302000	00010	965	2021	5	4.12
USGS	15302000	00010	965	2021	6	8.33
USGS	15302000	00010	965	2021	7	11.59
USGS	15302000	00010	965	2021	8	13.84

