agency_cd	site_no	parameter_cd	ts_id	year_nu	month_nu	mean_va
5s	15s	5s	3n	4s	2s	12n
USGS	15280999	00010	246932	2018	9	4.5
USGS	15280999	00010	246932	2018	11	1.7
USGS	15280999	00010	246932	2019	3	3.08
USGS	15280999	00010	246932	2019	4	3.77
USGS	15280999	00010	246932	2019	5	4.98
USGS	15280999	00010	246932	2019	6	5.56
USGS	15280999	00010	246932	2019	7	5.56
USGS	15280999	00010	246932	2019	8	5.24
USGS	15280999	00010	246932	2019	9	4.62
USGS	15280999	00010	246932	2019	10	3.55
USGS	15280999	00010	246932	2019	11	2.78
USGS	15280999	00010	246932	2020	1	0.35
USGS	15280999	00010	246932	2020	2	1.7
USGS	15280999	00010	246932	2020	3	1.98
USGS	15280999	00010	246932	2020	4	3.9
USGS	15280999	00010	246932	2020	5	5.31
USGS	15280999	00010	246932	2020	6	5.34
USGS	15280999	00010	246932	2020	7	5.55
USGS	15280999	00010	246932	2020	8	5.2
USGS	15280999	00010	246932	2020	9	4.58
USGS	15280999	00010	246932	2020	10	3
USGS	15280999	00010	246932	2020	11	1.11
USGS	15280999	00010	246932	2020	12	1.39
USGS	15280999	00010	246932	2021	1	1.5
USGS	15280999	00010	246932	2021	2	0.8
USGS	15280999	00010	246932	2021	3	1.26
USGS	15280999	00010	246932	2021	4	3.49
USGS	15280999	00010	246932	2021	5	5.35
USGS	15280999	00010	246932	2021	6	5.44
USGS	15280999	00010	246932	2021	7	5.5
USGS	15280999	00010	246932	2021	8	5.16
USGS	15280999	00010	246932	2021	9	4.38

