agency_cd	site_no	parameter_cd	ts_id	year_nu	month_nu	mean_va
5s	15s	5s	3n	4s	2s	12n
USGS	15297475	00010	213792	2017	9	8.31
USGS	15297475	00010	213792	2017	10	4.43
USGS	15297475	00010	213792	2017	11	0.63
USGS	15297475	00010	213792	2017	12	1.18
USGS	15297475	00010	213792	2018	1	0.7
USGS	15297475	00010	213792	2018	2	0.5
USGS	15297475	00010	213792	2018	3	0.54
USGS	15297475	00010	213792	2018	4	2.15
USGS	15297475	00010	213792	2018	5	5.32
USGS	15297475	00010	213792	2018	6	9.29
USGS	15297475	00010	213792	2018	7	11.07
USGS	15297475	00010	213792	2018	8	11.02
USGS	15297475	00010	213792	2018	9	8.66
USGS	15297475	00010	213792	2018	10	6.81
USGS	15297475	00010	213792	2018	11	3.7
USGS	15297475	00010	213792	2018	12	1.07
USGS	15297475	00010	213792	2019	1	0.78
USGS	15297475	00010	213792	2019	2	0.6
USGS	15297475	00010	213792	2019	3	1.92
USGS	15297475	00010	213792	2019	4	3.16
USGS	15297475	00010	213792	2019	5	6.94
USGS	15297475	00010	213792	2019	6	10.18
USGS	15297475	00010	213792	2019	7	12.92
USGS	15297475	00010	213792	2019	8	12.23
USGS	15297475	00010	213792	2019	9	9.55
USGS	15297475	00010	213792	2019	10	5.41
USGS	15297475	00010	213792	2019	11	5.02
USGS	15297475	00010	213792	2019	12	1.95
USGS	15297475	00010	213792	2020	1	0.23
USGS	15297475	00010	213792	2020	2	0.36
USGS	15297475	00010	213792	2020	3	0.52
USGS	15297475	00010	213792	2020	4	1.88
USGS	15297475	00010	213792	2020	5	6.92
USGS	15297475	00010	213792	2020	6	9.51
USGS	15297475	00010	213792	2020	7	12.22
USGS	15297475	00010	213792	2020	8	10.93
USGS	15297475	00010	213792	2020	9	8.12
USGS	15297475	00010	213792	2020	10	5.17
USGS	15297475	00010	213792	2020	11	0.7
USGS	15297475	00010	213792	2020	12	0.69
USGS	15297475	00010	213792	2021	1	0.9
USGS	15297475	00010	213792	2021	2	0.15
USGS	15297475	00010	213792	2021	3	0.24
USGS	15297475	00010	213792	2021	4	1.24
USGS	15297475	00010	213792	2021	5	4.46
USGS	15297475	00010	213792	2021	6	8.44
USGS	15297475	00010	213792	2021	7	10.14
USGS	15297475	00010	213792	2021	8	10.06
USGS	15297475	00010	213792	2021	9	7.28
USGS	15297475	00010	213792	2021	10	4.01

