agency_cd	site_no	parameter_cd	ts_id	year_nu	month_nu	mean_va
5s	15s	5s	3n	4s	2s	12n
USGS	15276000	00010	743	2014	11	0.55
USGS	15276000	00010	743	2014	12	0.08
USGS	15276000	00010	743	2015	1	0.06
USGS	15276000	00010	743	2015	2	0.07
USGS	15276000	00010	743	2015	3	0.21
USGS	15276000	00010	743	2015	4	2.05
USGS	15276000	00010	743	2015	5	5.99
USGS	15276000	00010	743	2015	6	8.87
USGS	15276000	00010	743	2015	7	10.54
USGS	15276000	00010	743	2015	8	9.77
USGS	15276000	00010	743	2015	9	5.65
USGS	15276000	00010	743	2015	10	3.53
USGS	15276000	00010	743	2015	11	0.23
USGS	15276000	00010	743	2015	12	0.01
USGS	15276000	00010	743	2016	1	0.15
USGS	15276000	00010	743	2016	2	0.36
USGS	15276000	00010	743	2016	3	0.84
USGS	15276000	00010	743	2016	4	3.34
USGS	15276000	00010	743	2016	5	5.59
USGS	15276000	00010	743	2016	6	7.7
USGS	15276000	00010	743	2016	7	10.31
USGS	15276000	00010	743	2016	8	9.6
USGS	15276000	00010	743	2016	9	6.62
USGS	15276000	00010	743	2016	10	1.76
USGS	15276000	00010	743	2016	11	0.5
USGS	15276000	00010	743	2016	12	0
USGS	15276000	00010	743	2017	2	0.06
USGS	15276000	00010	743	2017	4	1.11
USGS	15276000	00010	743	2017	5	4.35
USGS	15276000	00010	743	2017	6	7.22
USGS	15276000	00010	743	2017	7	9.59
USGS	15276000	00010	743	2017	8	8.95
USGS	15276000	00010	743	2017	9	6.42
USGS	15276000	00010	743	2017	10	2.68
USGS	15276000	00010	743	2017	11	0.11
USGS	15276000	00010	743	2017	12	0.09
USGS	15276000	00010	743	2018	1	0.02
USGS	15276000	00010	743	2018	2	0.02
USGS	15276000	00010	743	2018	3	0.18
USGS	15276000	00010	743	2018	4	1.41
USGS	15276000	00010	743	2018	5	4.08
USGS	15276000	00010	743	2018	6	6.25
USGS	15276000	00010	743	2018	7	9.16
USGS	15276000	00010	743	2018	8	8.59
USGS	15276000	00010	743	2018	9	6.54
USGS	15276000	00010	743	2018	10	4.09
USGS	15276000	00010	743	2018	11	0.73
USGS	15276000	00010	743	2018	12	0.34
USGS	15276000	00010	743	2019	1	0.03
USGS	15276000	00010	743	2019	2	0.04
USGS	15276000	00010	743	2019	3	0.9
USGS	15276000	00010	743	2019	4	2.48
USGS	15276000	00010	743	2019	5	4.81
USGS	15276000	00010	743	2019	6	8
USGS	15276000	00010	743	2019	7	10.89
USGS	15276000	00010	743	2019	8	10.04
USGS	15276000	00010	743	2019	9	7.13
USGS	15276000	00010	743	2019	10	3.24
USGS	15276000	00010	743	2019	11	1.75
USGS	15276000	00010	743	2019	12	0.26
USGS	15276000	00010	743	2020	1	0
USGS	15276000	00010	743	2020	2	0.04
USGS	15276000	00010	743	2020	3	0.13
USGS	15276000	00010	743	2020	4	1.31
USGS	15276000	00010	743	2020	5	4.89
USGS	15276000	00010	743	2020	6	7.2
USGS	15276000	00010	743	2020	7	9.44
USGS	15276000	00010	743	2020	8	8.87
USGS	15276000	00010	743	2020	9	6.19
USGS	15276000	00010	743	2020	10	2.48
USGS	15276000	00010	743	2020	11	0
USGS	15276000	00010	743	2020	12	0.05
USGS	15276000	00010	743	2021	1	0.14
USGS	15276000	00010	743	2021	2	0.03
USGS	15276000	00010	743	2021	3	0.07
USGS	15276000	00010	743	2021	4	0.95
USGS	15276000	00010	743	2021	5	4.13
USGS	15276000	00010	743	2021	6	6.96
USGS	15276000	00010	743	2021	7	9.04
USGS	15276000	00010	743	2021	8	8.53
USGS	15276000	00010	743	2021	9	5.13

