agency_cd	site_no	parameter_cd	ts_id	year_nu	month_nu	mean_va
5s	15s	5s	3n	4s	2s	12n
USGS	15081497	00010	380	1996	10	6.19
USGS	15081497	00010	380	1996	11	2.23
USGS	15081497	00010	380	1996	12	1
USGS	15081497	00010	380	1997	1	0.26
USGS	15081497	00010	380	1997	2	1.5
USGS	15081497	00010	380	1997	3	1.26
USGS	15081497	00010	380	1997	4	3.92
USGS	15081497	00010	380	1998	5	10.68
USGS	15081497	00010	380	1998	6	15.27
USGS	15081497	00010	380	1998	7	15.76
USGS	15081497	00010	380	1998	8	12.44
USGS	15081497	00010	380	1998	9	9.49
USGS	15081497	00010	380	1998	10	7.16
USGS	15081497	00010	380	1998	11	3.18
USGS	15081497	00010	380	1999	2	0.75
USGS	15081497	00010	380	1999	3	1.77
USGS	15081497	00010	380	1999	4	3.13
USGS	15081497	00010	380	1999	5	5.37
USGS	15081497	00010	380	1999	6	9.05
USGS	15081497	00010	380	1999	7	13.05
USGS	15081497	00010	380	1999	8	13.52
USGS	15081497	00010	380	1999	9	9.75
USGS	15081497	00010	380	1999	10	6.92
USGS	15081497	00010	380	1999	11	4.1
USGS	15081497	00010	380	1999	12	2.26
USGS	15081497	00010	380	2000	1	1.29
USGS	15081497	00010	380	2000	2	1
USGS	15081497	00010	380	2000	3	2.65
USGS	15081497	00010	380	2000	4	4.83
USGS	15081497	00010	380	2000	6	10.52
USGS	15081497	00010	380	2000	8	12.11
USGS	15081497	00010	380	2000	9	9.65
USGS	15081497	00010	380	2001	5	6.48
USGS	15081497	00010	380	2001	6	9.68
USGS	15081497	00010	380	2001	7	11.94
USGS	15081497	00010	380	2001	8	13.82
USGS	15081497	00010	380	2001	9	9.87
USGS	15081497	00010	380	2001	10	6.35
USGS	15081497	00010	380	2001	11	3.3
USGS	15081497	00010	380	2001	12	0.42
USGS	15081497	00010	380	2002	1	1.31
USGS	15081497	00010	380	2002	2	0.39
USGS	15081497	00010	380	2002	3	0.31
USGS	15081497	00010	380	2002	4	3.28
USGS	15081497	00010	380	2002	5	6.39
USGS	15081497	00010	380	2002	6	11.35
USGS	15081497	00010	380	2002	7	12.89
USGS	15081497	00010	380	2002	8	12.16
USGS	15081497	00010	380	2002	9	9.83
USGS	15081497	00010	380	2002	10	8.1
USGS	15081497	00010	380	2002	11	6.12
USGS	15081497	00010	380	2002	12	3.65
USGS	15081497	00010	380	2003	1	2.6
USGS	15081497	00010	380	2003	2	2.18
USGS	15081497	00010	380	2003	3	1.69
USGS	15081497	00010	380	2003	4	5.35
USGS	15081497	00010	380	2003	5	8.47
USGS	15081497	00010	380	2003	6	11.17
USGS	15081497	00010	380	2003	7	13.56
USGS	15081497	00010	380	2003	8	14.03
USGS	15081497	00010	380	2003	9	10.05
USGS	15081497	00010	380	2003	10	7.76
USGS	15081497	00010	380	2003	11	2.45
USGS	15081497	00010	380	2003	12	2.08
USGS	15081497	00010	380	2004	1	0.76
USGS	15081497	00010	380	2004	2	1.5
USGS	15081497	00010	380	2004	3	2.71
USGS	15081497	00010	380	2004	4	5.7
USGS	15081497	00010	380	2004	5	11.05
USGS	15081497	00010	380	2004	6	15.02
USGS	15081497	00010	380	2004	7	16.37
USGS	15081497	00010	380	2004	8	15.44
USGS	15081497	00010	380	2004	9	10.37
USGS	15081497	00010	380	2004	10	6.74
USGS	15081497	00010	380	2005	1	0.56
USGS	15081497	00010	380	2005	3	3.06
USGS	15081497	00010	380	2005	4	5.92
USGS	15081497	00010	380	2005	5	11.87
USGS	15081497	00010	380	2005	6	15.2
USGS	15081497	00010	380	2005	7	13.03
USGS	15081497	00010	380	2005	8	14.05
USGS	15081497	00010	380	2005	9	10.55
USGS	15081497	00010	380	2005	10	6.84
USGS	15081497	00010	380	2005	11	4.5
USGS	15081497	00010	380	2005	12	2.65
USGS	15081497	00010	380	2006	1	2.11
USGS	15081497	00010	380	2006	2	0.96
USGS	15081497	00010	380	2006	3	0.45
USGS	15081497	00010	380	2006	4	3.73
USGS	15081497	00010	380	2006	5	7.4
USGS	15081497	00010	380	2006	6	12.58
USGS	15081497	00010	380	2006	7	13.95
USGS	15081497	00010	380	2006	8	12.18
USGS	15081497	00010	380	2006	9	10.28
USGS	15081497	00010	380	2006	10	7.4
USGS	15081497	00010	380	2006	11	1
USGS	15081497	00010	380	2006	12	1.24
USGS	15081497	00010	380	2007	1	1.34
USGS	15081497	00010	380	2007	2	1.38
USGS	15081497	00010	380	2007	3	0.82
USGS	15081497	00010	380	2007	4	3.38
USGS	15081497	00010	380	2007	5	6.34
USGS	15081497	00010	380	2007	6	10.7
USGS	15081497	00010	380	2007	7	13.65
USGS	15081497	00010	380	2007	8	15.13
USGS	15081497	00010	380	2007	9	10.73
USGS	15081497	00010	380	2007	10	6.52
USGS	15081497	00010	380	2007	11	3.32
USGS	15081497	00010	380	2007	12	0.29
USGS	15081497	00010	380	2008	1	0.35
USGS	15081497	00010	380	2008	3	1.85
USGS	15081497	00010	380	2008	4	3.67
USGS	15081497	00010	380	2008	5	6.32
USGS	15081497	00010	380	2008	6	9.07
USGS	15081497	00010	380	2008	7	11.66
USGS	15081497	00010	380	2008	8	12.95
USGS	15081497	00010	380	2008	9	10.37
USGS	15081497	00010	380	2008	10	6.63
USGS	15081497	00010	380	2008	11	3.98
USGS	15081497	00010	380	2008	12	1.37
USGS	15081497	00010	380	2009	1	0.32
USGS	15081497	00010	380	2009	2	0.61
USGS	15081497	00010	380	2009	3	0.5
USGS	15081497	00010	380	2009	4	3
USGS	15081497	00010	380	2009	5	6.56
USGS	15081497	00010	380	2009	6	12.12
USGS	15081497	00010	380	2009	7	16.55
USGS	15081497	00010	380	2009	8	14.47
USGS	15081497	00010	380	2009	9	10.73
USGS	15081497	00010	380	2009	10	7.35
USGS	15081497	00010	380	2009	11	3.57
USGS	15081497	00010	380	2009	12	0.31
USGS	15081497	00010	380	2010	1	1.44
USGS	15081497	00010	380	2010	2	2.57
USGS	15081497	00010	380	2010	3	2.63
USGS	15081497	00010	380	2010	4	5.07
USGS	15081497	00010	380	2010	5	10.06
USGS	15081497	00010	380	2010	6	12.53
USGS	15081497	00010	380	2010	7	13.87
USGS	15081497	00010	380	2010	8	15.08
USGS	15081497	00010	380	2010	9	10.45
USGS	15081497	00010	380	2010	12	1.03
USGS	15081497	00010	380	2011	3	0.23
USGS	15081497	00010	380	2011	4	3.63
USGS	15081497	00010	380	2011	5	7.39
USGS	15081497	00010	380	2011	6	12.27
USGS	15081497	00010	380	2011	7	13.15
USGS	15081497	00010	380	2011	8	11.84
USGS	15081497	00010	380	2011	9	9.77
USGS	15081497	00010	380	2011	10	6.58
USGS	15081497	00010	380	2011	11	1.9
USGS	15081497	00010	380	2011	12	1.23
USGS	15081497	00010	380	2012	1	0.65
USGS	15081497	00010	380	2012	2	0.5
USGS	15081497	00010	380	2012	3	1.42
USGS	15081497	00010	380	2012	4	4.42
USGS	15081497	00010	380	2012	5	6.35
USGS	15081497	00010	380	2012	6	9.72
USGS	15081497	00010	380	2012	7	12.56
USGS	15081497	00010	380	2012	8	13.06
USGS	15081497	00010	380	2012	9	10.35
USGS	15081497	00010	380	2012	10	5.08
USGS	15081497	00010	380	2012	11	2.37
USGS	15081497	00010	380	2012	12	0.65
USGS	15081497	00010	380	2013	1	1.53
USGS	15081497	00010	380	2013	2	2.66
USGS	15081497	00010	380	2013	3	1.95
USGS	15081497	00010	380	2013	4	4.52
USGS	15081497	00010	380	2013	5	9.05
USGS	15081497	00010	380	2013	6	14.05
USGS	15081497	00010	380	2013	7	15.34
USGS	15081497	00010	380	2013	8	15.73
USGS	15081497	00010	380	2014	10	8.19
USGS	15081497	00010	380	2014	11	3.35
USGS	15081497	00010	380	2014	12	2.94
USGS	15081497	00010	380	2015	1	3.55
USGS	15081497	00010	380	2015	2	2.46
USGS	15081497	00010	380	2015	3	4.22
USGS	15081497	00010	380	2015	4	5.59
USGS	15081497	00010	380	2015	5	13.13
USGS	15081497	00010	380	2015	6	14.38
USGS	15081497	00010	380	2015	7	15.27
USGS	15081497	00010	380	2015	8	13.5
USGS	15081497	00010	380	2015	9	10.36
USGS	15081497	00010	380	2016	2	3.98
USGS	15081497	00010	380	2016	3	4.76
USGS	15081497	00010	380	2016	4	7.7
USGS	15081497	00010	380	2016	5	10.52
USGS	15081497	00010	380	2016	6	13.52
USGS	15081497	00010	380	2016	7	15.66
USGS	15081497	00010	380	2016	8	15.91
USGS	15081497	00010	380	2016	9	11.44
USGS	15081497	00010	380	2016	10	6.15
USGS	15081497	00010	380	2016	11	4.26
USGS	15081497	00010	380	2016	12	0.64
USGS	15081497	00010	380	2017	1	0.65
USGS	15081497	00010	380	2017	2	0.27
USGS	15081497	00010	380	2017	3	0.62
USGS	15081497	00010	380	2017	4	4.75
USGS	15081497	00010	380	2017	5	8.73
USGS	15081497	00010	380	2017	6	11.12
USGS	15081497	00010	380	2017	7	12.41
USGS	15081497	00010	380	2017	8	13.91
USGS	15081497	00010	380	2017	9	10.96
USGS	15081497	00010	380	2017	10	6.67
USGS	15081497	00010	380	2017	11	1.44
USGS	15081497	00010	380	2017	12	2.35
USGS	15081497	00010	380	2018	1	0.84
USGS	15081497	00010	380	2018	2	0.04
USGS	15081497	00010	380	2018	3	1.25
USGS	15081497	00010	380	2018	4	4.5
USGS	15081497	00010	380	2018	5	9.96
USGS	15081497	00010	380	2018	6	12.26
USGS	15081497	00010	380	2018	7	16.33
USGS	15081497	00010	380	2018	8	15.55
USGS	15081497	00010	380	2018	9	10.54
USGS	15081497	00010	380	2018	10	7.48
USGS	15081497	00010	380	2018	11	6.09
USGS	15081497	00010	380	2018	12	2.38
USGS	15081497	00010	380	2019	1	1.68
USGS	15081497	00010	380	2019	2	0.08
USGS	15081497	00010	380	2019	3	1.46
USGS	15081497	00010	380	2019	4	5.33
USGS	15081497	00010	380	2019	5	11.32
USGS	15081497	00010	380	2019	6	13.81
USGS	15081497	00010	380	2019	7	16.22
USGS	15081497	00010	380	2019	8	14.73
USGS	15081497	00010	380	2019	9	11.69
USGS	15081497	00010	380	2019	10	7.12
USGS	15081497	00010	380	2019	11	6.35
USGS	15081497	00010	380	2019	12	2.69
USGS	15081497	00010	380	2020	1	0.47
USGS	15081497	00010	380	2020	2	1.49
USGS	15081497	00010	380	2020	3	1.48
USGS	15081497	00010	380	2020	4	3.86
USGS	15081497	00010	380	2020	5	9.69
USGS	15081497	00010	380	2020	6	11.63
USGS	15081497	00010	380	2020	7	13.37
USGS	15081497	00010	380	2020	9	11.27
USGS	15081497	00010	380	2020	10	6.56
USGS	15081497	00010	380	2020	11	3.12
USGS	15081497	00010	380	2020	12	3.41
USGS	15081497	00010	380	2021	1	2.41
USGS	15081497	00010	380	2021	2	0.31
USGS	15081497	00010	380	2021	3	1.56
USGS	15081497	00010	380	2021	4	3.69
USGS	15081497	00010	380	2021	5	7.77

