agency_cd	site_no	parameter_cd	ts_id	year_nu	month_nu	mean_va
5s	15s	5s	3n	4s	2s	12n
USGS	15290000	00010	786	2014	11	0.07
USGS	15290000	00010	786	2015	5	4.82
USGS	15290000	00010	786	2015	6	7.66
USGS	15290000	00010	786	2015	7	9.94
USGS	15290000	00010	786	2015	8	8.46
USGS	15290000	00010	786	2015	9	5.16
USGS	15290000	00010	786	2015	10	3.09
USGS	15290000	00010	786	2015	11	0.09
USGS	15290000	00010	786	2015	12	0.15
USGS	15290000	00010	786	2016	1	0.3
USGS	15290000	00010	786	2016	2	0.17
USGS	15290000	00010	786	2016	3	0.43
USGS	15290000	00010	786	2016	4	2.27
USGS	15290000	00010	786	2016	5	4.59
USGS	15290000	00010	786	2016	6	6.3
USGS	15290000	00010	786	2016	7	8.85
USGS	15290000	00010	786	2016	8	8.25
USGS	15290000	00010	786	2016	9	6
USGS	15290000	00010	786	2016	11	0.11
USGS	15290000	00010	786	2016	12	0.11
USGS	15290000	00010	786	2017	1	0.22
USGS	15290000	00010	786	2017	2	0.31
USGS	15290000	00010	786	2017	5	4.03
USGS	15290000	00010	786	2017	6	6.54
USGS	15290000	00010	786	2017	7	8.99
USGS	15290000	00010	786	2017	8	8.21
USGS	15290000	00010	786	2017	9	6.03
USGS	15290000	00010	786	2017	10	2.35
USGS	15290000	00010	786	2017	11	0.12
USGS	15290000	00010	786	2017	12	0.24
USGS	15290000	00010	786	2018	1	0.08
USGS	15290000	00010	786	2018	4	0.82
USGS	15290000	00010	786	2018	5	2.42
USGS	15290000	00010	786	2018	6	4.45
USGS	15290000	00010	786	2018	7	7.55
USGS	15290000	00010	786	2018	8	6.77
USGS	15290000	00010	786	2018	9	6.33
USGS	15290000	00010	786	2018	10	3.44
USGS	15290000	00010	786	2018	11	0.27
USGS	15290000	00010	786	2018	12	0.15
USGS	15290000	00010	786	2019	1	0.21
USGS	15290000	00010	786	2019	2	0.13
USGS	15290000	00010	786	2019	3	0.74
USGS	15290000	00010	786	2019	4	1.52
USGS	15290000	00010	786	2019	5	4.16
USGS	15290000	00010	786	2019	6	6.87
USGS	15290000	00010	786	2019	7	11.06
USGS	15290000	00010	786	2019	8	10.16
USGS	15290000	00010	786	2019	9	6.82
USGS	15290000	00010	786	2019	10	2.62
USGS	15290000	00010	786	2019	11	0.99
USGS	15290000	00010	786	2019	12	0.02
USGS	15290000	00010	786	2020	1	0.01
USGS	15290000	00010	786	2020	2	0.2
USGS	15290000	00010	786	2020	3	0.24
USGS	15290000	00010	786	2020	4	0.79
USGS	15290000	00010	786	2020	5	3.55
USGS	15290000	00010	786	2020	6	5.21
USGS	15290000	00010	786	2020	7	7.42
USGS	15290000	00010	786	2020	8	8.51
USGS	15290000	00010	786	2020	9	5.6
USGS	15290000	00010	786	2020	10	1.92
USGS	15290000	00010	786	2020	11	0.08
USGS	15290000	00010	786	2020	12	0.35
USGS	15290000	00010	786	2021	1	0.3
USGS	15290000	00010	786	2021	5	3.23
USGS	15290000	00010	786	2021	6	5.87
USGS	15290000	00010	786	2021	7	8.43
USGS	15290000	00010	786	2021	8	7.81

