agency_cd	site_no	parameter_cd	ts_id	year_nu	month_nu	mean_va
5s	15s	5s	3n	4s	2s	12n
USGS	15056210	00010	330	1972	8	5.47
USGS	15056210	00010	330	1972	9	4.55
USGS	15056210	00010	330	1972	10	2.42
USGS	15056210	00010	330	1973	4	2.8
USGS	15056210	00010	330	1973	5	4.55
USGS	15056210	00010	330	1973	6	5.07
USGS	15056210	00010	330	1973	7	4.39
USGS	15056210	00010	330	1973	8	4.81
USGS	15056210	00010	330	1974	5	4.55
USGS	15056210	00010	330	1974	6	5.13
USGS	15056210	00010	330	1974	7	5.69
USGS	15056210	00010	330	1974	8	5.45
USGS	15056210	00010	330	2004	1	0
USGS	15056210	00010	330	2004	2	0.57
USGS	15056210	00010	330	2004	3	1.34
USGS	15056210	00010	330	2004	4	3.27
USGS	15056210	00010	330	2004	7	5.45
USGS	15056210	00010	330	2004	8	5.31
USGS	15056210	00010	330	2004	9	4.8
USGS	15056210	00010	330	2004	10	3.42
USGS	15056210	00010	330	2004	11	2.53
USGS	15056210	00010	330	2004	12	1.55
USGS	15056210	00010	330	2005	1	0.42
USGS	15056210	00010	330	2005	2	0.21
USGS	15056210	00010	330	2005	3	1.53
USGS	15056210	00010	330	2005	4	3.7
USGS	15056210	00010	330	2005	5	4.97
USGS	15056210	00010	330	2005	6	5.72
USGS	15056210	00010	330	2005	7	5.84
USGS	15056210	00010	330	2005	8	5.4
USGS	15056210	00010	330	2005	9	5.05
USGS	15056210	00010	330	2005	11	1.37
USGS	15056210	00010	330	2005	12	1.11
USGS	15056210	00010	330	2006	1	0.31
USGS	15056210	00010	330	2006	2	0.09
USGS	15056210	00010	330	2006	3	0.19
USGS	15056210	00010	330	2006	4	3.32
USGS	15056210	00010	330	2006	5	4.61
USGS	15056210	00010	330	2006	6	5.5
USGS	15056210	00010	330	2006	7	5.89
USGS	15056210	00010	330	2006	8	5.52
USGS	15056210	00010	330	2006	9	5.35
USGS	15056210	00010	330	2006	10	4.16
USGS	15056210	00010	330	2006	11	0.08
USGS	15056210	00010	330	2006	12	0.02
USGS	15056210	00010	330	2007	1	0.19
USGS	15056210	00010	330	2007	2	0.05
USGS	15056210	00010	330	2007	3	0.03
USGS	15056210	00010	330	2007	4	1.92
USGS	15056210	00010	330	2007	5	3.55
USGS	15056210	00010	330	2007	6	4.55
USGS	15056210	00010	330	2007	7	5.4
USGS	15056210	00010	330	2007	8	5.65
USGS	15056210	00010	330	2007	9	5.25
USGS	15056210	00010	330	2007	10	4.19
USGS	15056210	00010	330	2007	11	2.25
USGS	15056210	00010	330	2007	12	0
USGS	15056210	00010	330	2008	1	0
USGS	15056210	00010	330	2008	2	0
USGS	15056210	00010	330	2008	3	1.08
USGS	15056210	00010	330	2008	4	2.68
USGS	15056210	00010	330	2008	5	3.55
USGS	15056210	00010	330	2008	6	4.52
USGS	15056210	00010	330	2008	7	4.55
USGS	15056210	00010	330	2008	8	4.82
USGS	15056210	00010	330	2012	10	2.56
USGS	15056210	00010	330	2012	11	0.25
USGS	15056210	00010	330	2012	12	0
USGS	15056210	00010	330	2013	1	0.05
USGS	15056210	00010	330	2013	2	0.75
USGS	15056210	00010	330	2013	3	0.45
USGS	15056210	00010	330	2013	4	2.4
USGS	15056210	00010	330	2013	5	3.19
USGS	15056210	00010	330	2013	6	5.28
USGS	15056210	00010	330	2013	7	5.81
USGS	15056210	00010	330	2013	8	5.77
USGS	15056210	00010	330	2013	9	5.35
USGS	15056210	00010	330	2013	10	4.76
USGS	15056210	00010	330	2013	11	0.97
USGS	15056210	00010	330	2013	12	0
USGS	15056210	00010	330	2014	1	0.56
USGS	15056210	00010	330	2014	2	0.01
USGS	15056210	00010	330	2014	3	0.09
USGS	15056210	00010	330	2014	4	2.98
USGS	15056210	00010	330	2014	5	4.56
USGS	15056210	00010	330	2014	6	5.8
USGS	15056210	00010	330	2014	7	5.89
USGS	15056210	00010	330	2014	8	5.76
USGS	15056210	00010	330	2014	9	5.58
USGS	15056210	00010	330	2014	10	4.23
USGS	15056210	00010	330	2014	11	1.9
USGS	15056210	00010	330	2014	12	0.75
USGS	15056210	00010	330	2015	1	0.49
USGS	15056210	00010	330	2015	2	0.37
USGS	15056210	00010	330	2015	3	2
USGS	15056210	00010	330	2015	4	4.27
USGS	15056210	00010	330	2015	5	5.69
USGS	15056210	00010	330	2015	6	6.18
USGS	15056210	00010	330	2015	7	6.29
USGS	15056210	00010	330	2015	8	6.21
USGS	15056210	00010	330	2015	9	5.88
USGS	15056210	00010	330	2015	10	4.49
USGS	15056210	00010	330	2015	11	1.59
USGS	15056210	00010	330	2016	1	0.99
USGS	15056210	00010	330	2016	2	1.53
USGS	15056210	00010	330	2016	3	2.83
USGS	15056210	00010	330	2016	4	4.38
USGS	15056210	00010	330	2016	5	5.41
USGS	15056210	00010	330	2016	6	6.32
USGS	15056210	00010	330	2016	7	6.3
USGS	15056210	00010	330	2016	8	5.95
USGS	15056210	00010	330	2016	9	5.6
USGS	15056210	00010	330	2016	10	3.19
USGS	15056210	00010	330	2016	11	1.79
USGS	15056210	00010	330	2017	5	5.38
USGS	15056210	00010	330	2017	6	6.02
USGS	15056210	00010	330	2017	7	6.47
USGS	15056210	00010	330	2017	8	6.38
USGS	15056210	00010	330	2017	9	5.84
USGS	15056210	00010	330	2017	10	4.52
USGS	15056210	00010	330	2017	11	0.75
USGS	15056210	00010	330	2017	12	1.11
USGS	15056210	00010	330	2018	1	0.44
USGS	15056210	00010	330	2018	2	0.37
USGS	15056210	00010	330	2018	5	5.27
USGS	15056210	00010	330	2018	6	6.41
USGS	15056210	00010	330	2018	7	6.64
USGS	15056210	00010	330	2018	8	5.84
USGS	15056210	00010	330	2018	9	5.39
USGS	15056210	00010	330	2018	10	4.34
USGS	15056210	00010	330	2018	11	1.66
USGS	15056210	00010	330	2018	12	0.62
USGS	15056210	00010	330	2019	1	0.16
USGS	15056210	00010	330	2019	2	0.22
USGS	15056210	00010	330	2019	3	0.95
USGS	15056210	00010	330	2019	4	4.15
USGS	15056210	00010	330	2019	5	5.57
USGS	15056210	00010	330	2019	7	6.5
USGS	15056210	00010	330	2019	8	6.47
USGS	15056210	00010	330	2019	9	5.66
USGS	15056210	00010	330	2019	10	4.12
USGS	15056210	00010	330	2019	11	2.71
USGS	15056210	00010	330	2019	12	1.32
USGS	15056210	00010	330	2020	1	0.25
USGS	15056210	00010	330	2020	2	0.64
USGS	15056210	00010	330	2020	3	1.15
USGS	15056210	00010	330	2020	4	2.59
USGS	15056210	00010	330	2020	5	4.99
USGS	15056210	00010	330	2020	6	6.32
USGS	15056210	00010	330	2020	7	6.76
USGS	15056210	00010	330	2020	8	6.29
USGS	15056210	00010	330	2020	9	5.76
USGS	15056210	00010	330	2020	10	3.52
USGS	15056210	00010	330	2020	11	0.49
USGS	15056210	00010	330	2020	12	0.97
USGS	15056210	00010	330	2021	1	0.85
USGS	15056210	00010	330	2021	2	0.1
USGS	15056210	00010	330	2021	3	0.64
USGS	15056210	00010	330	2021	4	2.25
USGS	15056210	00010	330	2021	5	4.09
USGS	15056210	00010	330	2021	6	4.99
USGS	15056210	00010	330	2021	7	6
USGS	15056210	00010	330	2021	8	6.06
USGS	15056210	00010	330	2021	9	5.6
USGS	15056210	00010	330	2021	10	4.14

