agency_cd	site_no	parameter_cd	ts_id	year_nu	month_nu	mean_va
5s	15s	5s	3n	4s	2s	12n
USGS	15292700	00010	821	2011	10	1.81
USGS	15292700	00010	821	2011	11	0
USGS	15292700	00010	821	2011	12	0
USGS	15292700	00010	821	2012	1	0
USGS	15292700	00010	821	2012	2	0
USGS	15292700	00010	821	2012	3	0
USGS	15292700	00010	821	2012	4	0.58
USGS	15292700	00010	821	2012	6	7.73
USGS	15292700	00010	821	2012	7	9.37
USGS	15292700	00010	821	2012	8	9.05
USGS	15292700	00010	821	2012	9	5.52
USGS	15292700	00010	821	2012	10	1.37
USGS	15292700	00010	821	2012	11	0
USGS	15292700	00010	821	2012	12	0
USGS	15292700	00010	821	2013	1	0
USGS	15292700	00010	821	2013	2	0
USGS	15292700	00010	821	2013	3	0
USGS	15292700	00010	821	2013	4	0
USGS	15292700	00010	821	2013	5	1.65
USGS	15292700	00010	821	2013	6	9.22
USGS	15292700	00010	821	2013	7	10.97
USGS	15292700	00010	821	2013	8	9.89
USGS	15292700	00010	821	2013	9	6.28
USGS	15292700	00010	821	2013	10	3.16
USGS	15292700	00010	821	2013	11	0.31
USGS	15292700	00010	821	2013	12	0
USGS	15292700	00010	821	2014	1	0
USGS	15292700	00010	821	2014	2	0
USGS	15292700	00010	821	2014	3	0
USGS	15292700	00010	821	2014	4	0.15
USGS	15292700	00010	821	2014	5	5.95
USGS	15292700	00010	821	2014	6	8.8
USGS	15292700	00010	821	2014	7	10.25
USGS	15292700	00010	821	2014	9	6.62
USGS	15292700	00010	821	2014	11	0.1
USGS	15292700	00010	821	2014	12	0.1
USGS	15292700	00010	821	2015	1	0.1
USGS	15292700	00010	821	2015	2	0.1
USGS	15292700	00010	821	2015	3	0.1
USGS	15292700	00010	821	2015	4	0.77
USGS	15292700	00010	821	2015	5	6.97
USGS	15292700	00010	821	2015	6	10.9
USGS	15292700	00010	821	2015	7	10.7
USGS	15292700	00010	821	2015	8	9.65
USGS	15292700	00010	821	2015	9	6.25
USGS	15292700	00010	821	2015	10	3.1
USGS	15292700	00010	821	2015	11	0.12
USGS	15292700	00010	821	2015	12	0.1
USGS	15292700	00010	821	2016	1	0.1
USGS	15292700	00010	821	2016	2	0.1
USGS	15292700	00010	821	2016	3	0.1
USGS	15292700	00010	821	2016	4	2.05
USGS	15292700	00010	821	2016	5	6.71
USGS	15292700	00010	821	2016	6	10.03
USGS	15292700	00010	821	2016	7	10.78
USGS	15292700	00010	821	2016	8	9.75
USGS	15292700	00010	821	2016	9	7.13
USGS	15292700	00010	821	2016	10	1.25
USGS	15292700	00010	821	2016	11	0.1
USGS	15292700	00010	821	2017	1	0.1
USGS	15292700	00010	821	2017	2	0.1
USGS	15292700	00010	821	2017	3	0.1
USGS	15292700	00010	821	2017	4	0.41
USGS	15292700	00010	821	2017	5	6.34
USGS	15292700	00010	821	2017	6	9.67
USGS	15292700	00010	821	2017	7	10.25
USGS	15292700	00010	821	2017	8	9.43
USGS	15292700	00010	821	2017	9	7.3
USGS	15292700	00010	821	2017	10	2.47
USGS	15292700	00010	821	2017	11	0.11
USGS	15292700	00010	821	2017	12	0.1
USGS	15292700	00010	821	2018	1	0.09
USGS	15292700	00010	821	2018	2	0.09
USGS	15292700	00010	821	2018	3	0.1
USGS	15292700	00010	821	2018	4	0.23
USGS	15292700	00010	821	2018	5	4.11
USGS	15292700	00010	821	2018	6	8.08
USGS	15292700	00010	821	2018	7	11.03
USGS	15292700	00010	821	2018	8	9.14
USGS	15292700	00010	821	2018	9	7.43
USGS	15292700	00010	821	2018	10	3.54
USGS	15292700	00010	821	2018	11	0.02
USGS	15292700	00010	821	2018	12	0
USGS	15292700	00010	821	2019	1	0
USGS	15292700	00010	821	2019	2	0
USGS	15292700	00010	821	2019	3	0
USGS	15292700	00010	821	2019	4	2.32
USGS	15292700	00010	821	2019	5	6.15
USGS	15292700	00010	821	2019	6	10.72
USGS	15292700	00010	821	2019	7	12
USGS	15292700	00010	821	2019	8	10.11
USGS	15292700	00010	821	2019	9	7.68
USGS	15292700	00010	821	2019	10	2.29
USGS	15292700	00010	821	2019	11	0.42
USGS	15292700	00010	821	2019	12	0.01
USGS	15292700	00010	821	2020	1	0
USGS	15292700	00010	821	2020	2	0
USGS	15292700	00010	821	2020	3	0
USGS	15292700	00010	821	2020	4	0.11
USGS	15292700	00010	821	2020	5	5.17
USGS	15292700	00010	821	2020	6	8.89
USGS	15292700	00010	821	2020	7	11.03
USGS	15292700	00010	821	2020	8	10.13
USGS	15292700	00010	821	2020	9	7.13
USGS	15292700	00010	821	2020	10	2.2
USGS	15292700	00010	821	2020	11	0.1
USGS	15292700	00010	821	2020	12	0.1
USGS	15292700	00010	821	2021	1	0.1
USGS	15292700	00010	821	2021	2	0.1
USGS	15292700	00010	821	2021	3	0.1
USGS	15292700	00010	821	2021	4	0.17
USGS	15292700	00010	821	2021	5	5.47
USGS	15292700	00010	821	2021	6	9.67
USGS	15292700	00010	821	2021	7	10.93
USGS	15292700	00010	821	2021	8	9.66
USGS	15292700	00010	821	2021	9	6.02

