agency_cd	site_no	parameter_cd	ts_id	year_nu	month_nu	mean_va
5s	15s	5s	3n	4s	2s	12n
USGS	15294005	00010	845	1986	6	8.21
USGS	15294005	00010	845	1987	6	6.65
USGS	15294005	00010	845	1987	7	9.83
USGS	15294005	00010	845	1988	8	10.21
USGS	15294005	00010	845	2014	9	6.84
USGS	15294005	00010	845	2014	10	0.88
USGS	15294005	00010	845	2014	11	0
USGS	15294005	00010	845	2014	12	0
USGS	15294005	00010	845	2015	1	0
USGS	15294005	00010	845	2015	2	0
USGS	15294005	00010	845	2015	5	5.71
USGS	15294005	00010	845	2015	6	10.49
USGS	15294005	00010	845	2015	7	12.69
USGS	15294005	00010	845	2015	8	10.99
USGS	15294005	00010	845	2015	9	6.22
USGS	15294005	00010	845	2015	10	3.35
USGS	15294005	00010	845	2015	11	0.05
USGS	15294005	00010	845	2015	12	0
USGS	15294005	00010	845	2016	1	0
USGS	15294005	00010	845	2016	2	0.02
USGS	15294005	00010	845	2016	3	0.14
USGS	15294005	00010	845	2016	4	1.86
USGS	15294005	00010	845	2016	5	6.09
USGS	15294005	00010	845	2016	6	9.06
USGS	15294005	00010	845	2016	7	12.24
USGS	15294005	00010	845	2016	8	10.94
USGS	15294005	00010	845	2016	9	7.32
USGS	15294005	00010	845	2016	10	1.16
USGS	15294005	00010	845	2016	11	0.02
USGS	15294005	00010	845	2016	12	0
USGS	15294005	00010	845	2017	1	0
USGS	15294005	00010	845	2017	2	0
USGS	15294005	00010	845	2017	3	0
USGS	15294005	00010	845	2017	4	0.26
USGS	15294005	00010	845	2017	5	4.11
USGS	15294005	00010	845	2017	6	8.33
USGS	15294005	00010	845	2017	7	11.63
USGS	15294005	00010	845	2017	8	10.65
USGS	15294005	00010	845	2017	9	7.14
USGS	15294005	00010	845	2017	10	2.57
USGS	15294005	00010	845	2017	11	0.03
USGS	15294005	00010	845	2017	12	0
USGS	15294005	00010	845	2018	1	0
USGS	15294005	00010	845	2018	2	0
USGS	15294005	00010	845	2018	3	0.01
USGS	15294005	00010	845	2018	6	6.09
USGS	15294005	00010	845	2018	7	10.88
USGS	15294005	00010	845	2018	8	9.36
USGS	15294005	00010	845	2018	9	7.5
USGS	15294005	00010	845	2018	10	3.96
USGS	15294005	00010	845	2018	11	0.02
USGS	15294005	00010	845	2018	12	0.02
USGS	15294005	00010	845	2019	1	0
USGS	15294005	00010	845	2019	2	0
USGS	15294005	00010	845	2019	3	0.31
USGS	15294005	00010	845	2019	4	1.39
USGS	15294005	00010	845	2019	5	4.35
USGS	15294005	00010	845	2019	6	8.98
USGS	15294005	00010	845	2019	7	14.62
USGS	15294005	00010	845	2019	8	12.85
USGS	15294005	00010	845	2019	9	8.26
USGS	15294005	00010	845	2019	10	3.04
USGS	15294005	00010	845	2019	11	1.01
USGS	15294005	00010	845	2019	12	0.01
USGS	15294005	00010	845	2020	1	0
USGS	15294005	00010	845	2020	2	0
USGS	15294005	00010	845	2020	3	0.01
USGS	15294005	00010	845	2020	5	4.22
USGS	15294005	00010	845	2020	6	7.13
USGS	15294005	00010	845	2020	7	10.44
USGS	15294005	00010	845	2020	8	10.64
USGS	15294005	00010	845	2020	9	6.79
USGS	15294005	00010	845	2020	10	1.96
USGS	15294005	00010	845	2020	11	0
USGS	15294005	00010	845	2021	1	0
USGS	15294005	00010	845	2021	2	0
USGS	15294005	00010	845	2021	3	0
USGS	15294005	00010	845	2021	4	0.15
USGS	15294005	00010	845	2021	5	4.12
USGS	15294005	00010	845	2021	6	7.88
USGS	15294005	00010	845	2021	7	11.29
USGS	15294005	00010	845	2021	8	10.13
USGS	15294005	00010	845	2021	9	5.69

