agency_cd	site_no	parameter_cd	ts_id	year_nu	month_nu	mean_va
5s	15s	5s	3n	4s	2s	12n
USGS	15236900	00010	165557	2016	5	0.6
USGS	15236900	00010	165557	2016	6	1.4
USGS	15236900	00010	165557	2016	7	1.35
USGS	15236900	00010	165557	2016	8	1.15
USGS	15236900	00010	165557	2016	9	1.21
USGS	15236900	00010	165557	2017	5	0.45
USGS	15236900	00010	165557	2017	6	1.48
USGS	15236900	00010	165557	2017	7	1.17
USGS	15236900	00010	165557	2017	8	0.98
USGS	15236900	00010	165557	2017	9	1.2
USGS	15236900	00010	165557	2018	6	1.76
USGS	15236900	00010	165557	2018	7	1.4
USGS	15236900	00010	165557	2018	9	1.21
USGS	15236900	00010	165557	2019	5	1.11
USGS	15236900	00010	165557	2019	6	2.08
USGS	15236900	00010	165557	2019	7	1.52
USGS	15236900	00010	165557	2019	8	1.41
USGS	15236900	00010	165557	2019	9	1.41
USGS	15236900	00010	165557	2019	10	1.22
USGS	15236900	00010	165557	2020	6	2.09
USGS	15236900	00010	165557	2020	7	1.54
USGS	15236900	00010	165557	2020	8	1.3
USGS	15236900	00010	165557	2020	9	1.5
USGS	15236900	00010	165557	2021	7	1.64
USGS	15236900	00010	165557	2021	8	1.35
USGS	15236900	00010	165557	2021	9	1.26

