agency_cd	site_no	parameter_cd	ts_id	year_nu	month_nu	mean_va
5s	15s	5s	3n	4s	2s	12n
USGS	15239070	00010	655	1986	5	2.31
USGS	15239070	00010	655	1986	6	4.75
USGS	15239070	00010	655	1986	7	7.31
USGS	15239070	00010	655	1987	2	0.59
USGS	15239070	00010	655	1987	3	0.89
USGS	15239070	00010	655	1987	4	1.2
USGS	15239070	00010	655	1987	5	1.97
USGS	15239070	00010	655	1987	6	3.28
USGS	15239070	00010	655	1987	7	6.5
USGS	15239070	00010	655	1987	8	9.16
USGS	15239070	00010	655	1987	9	7.97
USGS	15239070	00010	655	1987	10	5.87
USGS	15239070	00010	655	1987	11	2.45
USGS	15239070	00010	655	1987	12	0.19
USGS	15239070	00010	655	1988	1	0.39
USGS	15239070	00010	655	1988	2	0.26
USGS	15239070	00010	655	1988	3	0.61
USGS	15239070	00010	655	1988	4	1.13
USGS	15239070	00010	655	1988	5	1.98
USGS	15239070	00010	655	1988	6	2.97
USGS	15239070	00010	655	1988	7	6.26
USGS	15239070	00010	655	1988	8	7.76
USGS	15239070	00010	655	1988	9	6.78
USGS	15239070	00010	655	1988	10	4.56
USGS	15239070	00010	655	1988	11	1.4
USGS	15239070	00010	655	1988	12	0.34
USGS	15239070	00010	655	1989	1	0.02
USGS	15239070	00010	655	1989	2	0.05
USGS	15239070	00010	655	1989	3	0.05
USGS	15239070	00010	655	1989	4	1.35
USGS	15239070	00010	655	1989	5	2.79
USGS	15239070	00010	655	1989	6	5.53
USGS	15239070	00010	655	1989	7	9.15
USGS	15239070	00010	655	1989	8	9.48
USGS	15239070	00010	655	1989	9	8.35
USGS	15239070	00010	655	1989	10	5.06
USGS	15239070	00010	655	1989	11	1.13
USGS	15239070	00010	655	1989	12	0.85
USGS	15239070	00010	655	1990	2	0
USGS	15239070	00010	655	1990	3	0.13
USGS	15239070	00010	655	1990	4	1.12
USGS	15239070	00010	655	1990	5	2.45
USGS	15239070	00010	655	1990	6	5.87
USGS	15239070	00010	655	1990	7	9.42
USGS	15239070	00010	655	1990	8	8.76
USGS	15239070	00010	655	1990	9	7.98
USGS	15239070	00010	655	1990	10	4.58
USGS	15239070	00010	655	1990	11	0.2
USGS	15239070	00010	655	1990	12	0
USGS	15239070	00010	655	1991	1	0
USGS	15239070	00010	655	1991	2	0
USGS	15239070	00010	655	1991	3	0.1
USGS	15239070	00010	655	1991	4	0.97
USGS	15239070	00010	655	1991	5	2.73
USGS	15239070	00010	655	1991	6	5.82
USGS	15239070	00010	655	1991	8	8.85
USGS	15239070	00010	655	1991	9	7.63
USGS	15239070	00010	655	1991	10	3.68
USGS	15239070	00010	655	1991	11	1.98
USGS	15239070	00010	655	1992	5	1.97
USGS	15239070	00010	655	1992	6	4.8
USGS	15239070	00010	655	1992	7	8.53
USGS	15239070	00010	655	1992	8	9.66
USGS	15239070	00010	655	1992	9	5.95
USGS	15239070	00010	655	1992	10	2.82
USGS	15239070	00010	655	1993	2	0.48
USGS	15239070	00010	655	1993	6	6.53
USGS	15239070	00010	655	1993	7	9.52
USGS	15239070	00010	655	1993	8	10.19
USGS	15239070	00010	655	1993	9	7.37
USGS	15239070	00010	655	1993	10	3.82
USGS	15239070	00010	655	1993	11	1.45
USGS	15239070	00010	655	1993	12	0.74
USGS	15239070	00010	655	1994	1	0.35
USGS	15239070	00010	655	1994	2	0.32
USGS	15239070	00010	655	1994	3	0.29
USGS	15239070	00010	655	1994	7	8.98
USGS	15239070	00010	655	1994	12	0.27
USGS	15239070	00010	655	1995	1	0.21
USGS	15239070	00010	655	1995	2	0.34
USGS	15239070	00010	655	1995	3	0.11
USGS	15239070	00010	655	1995	4	1.57
USGS	15239070	00010	655	1995	5	3
USGS	15239070	00010	655	1995	6	5.75
USGS	15239070	00010	655	1995	7	8.5
USGS	15239070	00010	655	1995	8	9.11
USGS	15239070	00010	655	1995	9	8.68
USGS	15239070	00010	655	1995	10	4.95
USGS	15239070	00010	655	1995	11	1.27
USGS	15239070	00010	655	1995	12	0.87
USGS	15239070	00010	655	1996	1	0.08
USGS	15239070	00010	655	1996	2	0
USGS	15239070	00010	655	1996	4	1.33
USGS	15239070	00010	655	1996	5	3.9
USGS	15239070	00010	655	1996	6	7.32
USGS	15239070	00010	655	1996	7	9.81
USGS	15239070	00010	655	1996	8	10.06
USGS	15239070	00010	655	1996	9	7.2
USGS	15239070	00010	655	1996	10	2.03
USGS	15239070	00010	655	1996	11	0.73
USGS	15239070	00010	655	1996	12	0
USGS	15239070	00010	655	1997	1	0
USGS	15239070	00010	655	1997	2	0.54
USGS	15239070	00010	655	1997	3	0
USGS	15239070	00010	655	1997	4	1.32
USGS	15239070	00010	655	1997	5	3.66
USGS	15239070	00010	655	1997	6	7.35
USGS	15239070	00010	655	1997	7	10.85
USGS	15239070	00010	655	1997	8	10.95
USGS	15239070	00010	655	1997	9	8.07
USGS	15239070	00010	655	1997	10	2.06
USGS	15239070	00010	655	1997	11	1.47
USGS	15239070	00010	655	1997	12	0
USGS	15239070	00010	655	1998	1	0.21
USGS	15239070	00010	655	1998	2	0.64
USGS	15239070	00010	655	1998	3	0.85
USGS	15239070	00010	655	1998	4	1.92
USGS	15239070	00010	655	1998	5	3.11
USGS	15239070	00010	655	1998	6	4.93
USGS	15239070	00010	655	1998	7	7.56
USGS	15239070	00010	655	1998	8	8.53
USGS	15239070	00010	655	1998	9	6.68
USGS	15239070	00010	655	1998	10	3.4
USGS	15239070	00010	655	1998	11	1.6
USGS	15239070	00010	655	1998	12	0.11
USGS	15239070	00010	655	1999	1	0.08
USGS	15239070	00010	655	1999	2	0
USGS	15239070	00010	655	1999	3	0
USGS	15239070	00010	655	1999	4	0.77
USGS	15239070	00010	655	1999	5	1.74
USGS	15239070	00010	655	1999	6	4.38
USGS	15239070	00010	655	1999	7	8.31
USGS	15239070	00010	655	1999	8	9.73
USGS	15239070	00010	655	2010	10	3.47
USGS	15239070	00010	655	2010	11	1.19
USGS	15239070	00010	655	2010	12	0.09
USGS	15239070	00010	655	2011	1	0.19
USGS	15239070	00010	655	2011	2	0.16
USGS	15239070	00010	655	2011	3	0.33
USGS	15239070	00010	655	2011	4	1.29
USGS	15239070	00010	655	2011	5	3.16
USGS	15239070	00010	655	2011	6	6.35
USGS	15239070	00010	655	2011	7	9.29
USGS	15239070	00010	655	2011	8	9.72
USGS	15239070	00010	655	2011	9	7.08
USGS	15239070	00010	655	2011	10	3.38
USGS	15239070	00010	655	2011	11	0.21
USGS	15239070	00010	655	2011	12	0.43
USGS	15239070	00010	655	2012	1	0
USGS	15239070	00010	655	2012	2	0.2
USGS	15239070	00010	655	2012	3	0.2
USGS	15239070	00010	655	2012	4	1.48
USGS	15239070	00010	655	2012	5	2.48
USGS	15239070	00010	655	2012	6	4.49
USGS	15239070	00010	655	2012	7	6.77
USGS	15239070	00010	655	2012	8	8.64
USGS	15239070	00010	655	2012	9	7.02
USGS	15239070	00010	655	2012	10	2.97
USGS	15239070	00010	655	2012	11	1.07
USGS	15239070	00010	655	2012	12	0.24
USGS	15239070	00010	655	2013	1	0.77
USGS	15239070	00010	655	2013	2	0.94
USGS	15239070	00010	655	2013	3	0.8
USGS	15239070	00010	655	2013	4	1.13
USGS	15239070	00010	655	2013	5	2.37
USGS	15239070	00010	655	2013	6	6.15
USGS	15239070	00010	655	2013	7	9.65
USGS	15239070	00010	655	2013	8	10.43
USGS	15239070	00010	655	2013	9	8.14
USGS	15239070	00010	655	2013	10	5.13
USGS	15239070	00010	655	2013	11	1.63
USGS	15239070	00010	655	2013	12	0.33
USGS	15239070	00010	655	2014	1	1.18
USGS	15239070	00010	655	2014	2	0.25
USGS	15239070	00010	655	2014	3	0.42
USGS	15239070	00010	655	2014	4	1.94
USGS	15239070	00010	655	2014	5	5.2
USGS	15239070	00010	655	2014	6	7.56
USGS	15239070	00010	655	2014	7	10.46
USGS	15239070	00010	655	2014	8	10.44
USGS	15239070	00010	655	2014	9	8.35
USGS	15239070	00010	655	2015	6	7.94
USGS	15239070	00010	655	2015	7	9.96
USGS	15239070	00010	655	2015	8	10.49
USGS	15239070	00010	655	2015	9	8.05
USGS	15239070	00010	655	2015	10	5.29
USGS	15239070	00010	655	2015	11	1.33
USGS	15239070	00010	655	2015	12	0.61
USGS	15239070	00010	655	2016	1	1.23
USGS	15239070	00010	655	2016	2	1.02
USGS	15239070	00010	655	2016	3	1.42
USGS	15239070	00010	655	2016	4	3.1
USGS	15239070	00010	655	2016	5	4.28
USGS	15239070	00010	655	2016	6	6.06
USGS	15239070	00010	655	2016	7	8.73
USGS	15239070	00010	655	2016	8	10.31
USGS	15239070	00010	655	2016	9	8.19
USGS	15239070	00010	655	2016	10	4.69
USGS	15239070	00010	655	2016	11	1.48
USGS	15239070	00010	655	2016	12	0.35
USGS	15239070	00010	655	2017	1	0.02
USGS	15239070	00010	655	2017	2	0.15
USGS	15239070	00010	655	2017	3	0.06
USGS	15239070	00010	655	2017	4	1.72
USGS	15239070	00010	655	2017	5	3.69
USGS	15239070	00010	655	2017	6	6.67
USGS	15239070	00010	655	2017	7	9.94
USGS	15239070	00010	655	2017	8	10.71
USGS	15239070	00010	655	2017	10	4.01
USGS	15239070	00010	655	2017	11	0.84
USGS	15239070	00010	655	2017	12	0.81
USGS	15239070	00010	655	2018	10	6.1
USGS	15239070	00010	655	2018	11	2.47
USGS	15239070	00010	655	2018	12	1.05
USGS	15239070	00010	655	2019	1	0.61
USGS	15239070	00010	655	2019	2	0.61
USGS	15239070	00010	655	2019	3	1.54
USGS	15239070	00010	655	2019	4	2.54
USGS	15239070	00010	655	2019	5	4
USGS	15239070	00010	655	2019	6	7.63
USGS	15239070	00010	655	2019	7	10.31
USGS	15239070	00010	655	2019	8	10.48
USGS	15239070	00010	655	2019	9	9.68
USGS	15239070	00010	655	2019	11	3.92
USGS	15239070	00010	655	2019	12	1.42
USGS	15239070	00010	655	2020	1	0
USGS	15239070	00010	655	2020	2	0.3
USGS	15239070	00010	655	2020	3	0.62
USGS	15239070	00010	655	2020	4	1.97
USGS	15239070	00010	655	2020	5	5.24
USGS	15239070	00010	655	2020	6	8.22
USGS	15239070	00010	655	2020	7	11.15
USGS	15239070	00010	655	2020	8	10.83
USGS	15239070	00010	655	2020	9	8.46
USGS	15239070	00010	655	2020	10	4.06
USGS	15239070	00010	655	2020	11	1.02
USGS	15239070	00010	655	2020	12	0.54
USGS	15239070	00010	655	2021	1	0.41
USGS	15239070	00010	655	2021	2	0.04
USGS	15239070	00010	655	2021	3	0.08
USGS	15239070	00010	655	2021	4	1.13
USGS	15239070	00010	655	2021	5	3.18
USGS	15239070	00010	655	2021	6	5.48
USGS	15239070	00010	655	2021	7	8.58
USGS	15239070	00010	655	2021	8	9.74
USGS	15239070	00010	655	2021	9	7.27
USGS	15239070	00010	655	2021	10	3.76

