#
#
# US Geological Survey, Water Resources Data
# retrieved: 2022-03-29 15:43:26 EDT      (caww01)
#
# This file contains USGS Surface-Water Monthly Statistics
#
# Note:The statistics generated from  this site are based on approved daily-mean data and may not match those published by the USGS in official publications.
# The user is responsible for assessment and use of statistics from this site.
# For more details on why the statistics may not match, visit https://waterdata.usgs.gov/nwis/?dv_statistics_disclaimer.
#
# ** No Incomplete data have been used for statistical calculation
#
# This file includes the following columns:
#
#
# agency_cd    agency code
# site_no USGS site number
# parameter_cd
# ts_id
# year_nu Calendar year for value
# month_nu     Month for value
# mean_va monthly-mean value.
#         if there is not complete record
#         for a month this field is blank
#
#
# Sites in this file include:
# USGS 15295700 TERROR R AT MOUTH NR KODIAK AK
# 
# Explanation of Parameter Code and ts_id used in the Statistics Data 
# parameter_cd	Parameter Name					ts_id	Location Name
# 00010		Temperature, water, degrees Celsius		877	
#
#
agency_cd	site_no	parameter_cd	ts_id	year_nu	month_nu	mean_va
5s	15s	5s	3n	4s	2s	12n
USGS	15295700	00010	877	1986	11	3.28
USGS	15295700	00010	877	1987	2	0.59
USGS	15295700	00010	877	1987	3	1.21
USGS	15295700	00010	877	1987	10	4.68
USGS	15295700	00010	877	1987	11	2
USGS	15295700	00010	877	1987	12	1.03
USGS	15295700	00010	877	1988	1	1.13
USGS	15295700	00010	877	1988	2	1.59
USGS	15295700	00010	877	1988	3	1.82
USGS	15295700	00010	877	1988	4	3.13
USGS	15295700	00010	877	1988	5	3.95
USGS	15295700	00010	877	1988	8	6.89
USGS	15295700	00010	877	1988	9	6.28
USGS	15295700	00010	877	1988	10	4.13
USGS	15295700	00010	877	1988	11	1.78
USGS	15295700	00010	877	1988	12	1.19
USGS	15295700	00010	877	1989	1	0.42
USGS	15295700	00010	877	1989	3	2.19
USGS	15295700	00010	877	1989	4	3.67
USGS	15295700	00010	877	1989	5	4.5
USGS	15295700	00010	877	1989	6	5.77
USGS	15295700	00010	877	1989	9	8.17
USGS	15295700	00010	877	1989	10	4.74
USGS	15295700	00010	877	1989	11	2.17
USGS	15295700	00010	877	1989	12	1.45
USGS	15295700	00010	877	1990	1	0.63
USGS	15295700	00010	877	1990	2	0.2
USGS	15295700	00010	877	1990	3	1.55
USGS	15295700	00010	877	1990	4	2.95
USGS	15295700	00010	877	1990	5	3.77
USGS	15295700	00010	877	1990	6	5.93
USGS	15295700	00010	877	1990	7	7.98
USGS	15295700	00010	877	1990	8	8.9
USGS	15295700	00010	877	1990	9	7.7
USGS	15295700	00010	877	1990	10	4.87
USGS	15295700	00010	877	1990	11	1.83
USGS	15295700	00010	877	1990	12	1.08
USGS	15295700	00010	877	1991	1	0.61
USGS	15295700	00010	877	1991	2	0.48
USGS	15295700	00010	877	1991	3	1.23
USGS	15295700	00010	877	1991	4	2.27
USGS	15295700	00010	877	1991	5	3.44
USGS	15295700	00010	877	1991	6	4.6
USGS	15295700	00010	877	1991	7	6.71
USGS	15295700	00010	877	1991	8	7.29
USGS	15295700	00010	877	1991	9	6.87
USGS	15295700	00010	877	1991	10	4.5
USGS	15295700	00010	877	1991	11	2.62
USGS	15295700	00010	877	1991	12	1.05
USGS	15295700	00010	877	1992	1	1.79
USGS	15295700	00010	877	1992	2	1.4
USGS	15295700	00010	877	1992	3	1.94
USGS	15295700	00010	877	1992	4	2.67
USGS	15295700	00010	877	1992	5	3.55
USGS	15295700	00010	877	1992	6	5
USGS	15295700	00010	877	1992	7	7.92
USGS	15295700	00010	877	1992	8	8.39
USGS	15295700	00010	877	1992	9	5.87
USGS	15295700	00010	877	1992	10	4.27
USGS	15295700	00010	877	1992	11	1.95
USGS	15295700	00010	877	1992	12	1.03
USGS	15295700	00010	877	1993	1	0.65
USGS	15295700	00010	877	1993	2	1.09
USGS	15295700	00010	877	1993	3	1.56
USGS	15295700	00010	877	1993	4	2.55
USGS	15295700	00010	877	1993	5	3.65
USGS	15295700	00010	877	1993	6	4.82
USGS	15295700	00010	877	1993	7	7.73
USGS	15295700	00010	877	1993	8	9.13
USGS	15295700	00010	877	1993	9	7.8
USGS	15295700	00010	877	1993	10	5.56
USGS	15295700	00010	877	1993	11	2.72
USGS	15295700	00010	877	1993	12	1.71
USGS	15295700	00010	877	1994	1	1.45
USGS	15295700	00010	877	1994	2	0.91
USGS	15295700	00010	877	1994	3	0.85
USGS	15295700	00010	877	1994	4	2.82
USGS	15295700	00010	877	1994	5	4.48
USGS	15295700	00010	877	1994	6	5.47
USGS	15295700	00010	877	1994	7	7.03
USGS	15295700	00010	877	1994	8	8.76
USGS	15295700	00010	877	1994	9	6.83
USGS	15295700	00010	877	1994	10	4.4
USGS	15295700	00010	877	1994	11	1.48
USGS	15295700	00010	877	1994	12	0.95
USGS	15295700	00010	877	1995	1	0.97
USGS	15295700	00010	877	1995	2	0.73
USGS	15295700	00010	877	1995	3	0.62
USGS	15295700	00010	877	1995	4	2.64
USGS	15295700	00010	877	1995	5	4
USGS	15295700	00010	877	1995	6	4.97
USGS	15295700	00010	877	1995	7	6.92
USGS	15295700	00010	877	1995	8	7.92
USGS	15295700	00010	877	1996	3	2
USGS	15295700	00010	877	1996	4	2.78
USGS	15295700	00010	877	1996	5	4.84
USGS	15295700	00010	877	1996	6	6
USGS	15295700	00010	877	1996	8	8.35
USGS	15295700	00010	877	1996	9	6.5
USGS	15295700	00010	877	1996	10	4.34
USGS	15295700	00010	877	1996	11	2.17
USGS	15295700	00010	877	1996	12	0.68
USGS	15295700	00010	877	1997	1	0.56
USGS	15295700	00010	877	1997	2	1.63
USGS	15295700	00010	877	1997	3	1.24
USGS	15295700	00010	877	1997	4	2.67
USGS	15295700	00010	877	1997	5	4.45
USGS	15295700	00010	877	1997	6	5.23
USGS	15295700	00010	877	1997	7	7.15
USGS	15295700	00010	877	1997	8	8.24
USGS	15295700	00010	877	1997	9	7.72
USGS	15295700	00010	877	1997	10	5.18
USGS	15295700	00010	877	1997	11	2.6
USGS	15295700	00010	877	1997	12	1.03
USGS	15295700	00010	877	1998	1	1.29
USGS	15295700	00010	877	1998	2	1.77
USGS	15295700	00010	877	1998	3	2.44
USGS	15295700	00010	877	1998	4	3.52
USGS	15295700	00010	877	1998	5	4.5
USGS	15295700	00010	877	1998	6	4.93
USGS	15295700	00010	877	1998	7	6.37
USGS	15295700	00010	877	1998	8	7.11
USGS	15295700	00010	877	1998	9	6.83
USGS	15295700	00010	877	1998	10	4.48
USGS	15295700	00010	877	1998	11	3.12
USGS	15295700	00010	877	1998	12	1.56
USGS	15295700	00010	877	1999	1	1.06
USGS	15295700	00010	877	1999	2	0.43
USGS	15295700	00010	877	1999	3	1.23
USGS	15295700	00010	877	1999	4	2.2
USGS	15295700	00010	877	1999	5	3.39
USGS	15295700	00010	877	1999	6	4.72
USGS	15295700	00010	877	1999	7	7.68
USGS	15295700	00010	877	1999	8	8.45
USGS	15295700	00010	877	1999	9	7.22
USGS	15295700	00010	877	1999	10	4.68
USGS	15295700	00010	877	1999	11	2.22
USGS	15295700	00010	877	1999	12	0.63
USGS	15295700	00010	877	2000	1	0.37
USGS	15295700	00010	877	2000	2	1.31
USGS	15295700	00010	877	2000	3	1.77
USGS	15295700	00010	877	2000	4	2.7
USGS	15295700	00010	877	2000	5	4.08
USGS	15295700	00010	877	2000	6	4.45
USGS	15295700	00010	877	2000	7	6.26
USGS	15295700	00010	877	2000	8	8.13
USGS	15295700	00010	877	2000	9	7.52
USGS	15295700	00010	877	2000	10	5.61
USGS	15295700	00010	877	2000	11	2.88
USGS	15295700	00010	877	2000	12	1.76
USGS	15295700	00010	877	2001	1	0.94
USGS	15295700	00010	877	2001	2	0.95
USGS	15295700	00010	877	2001	3	1.44
USGS	15295700	00010	877	2001	4	2.82
USGS	15295700	00010	877	2001	5	3.81
USGS	15295700	00010	877	2001	6	4.77
USGS	15295700	00010	877	2001	7	5.97
USGS	15295700	00010	877	2001	8	7.68
USGS	15295700	00010	877	2001	9	6.73
USGS	15295700	00010	877	2001	10	3.94
USGS	15295700	00010	877	2001	11	1.95
USGS	15295700	00010	877	2001	12	0.69
USGS	15295700	00010	877	2002	1	0.97
USGS	15295700	00010	877	2002	2	1.05
USGS	15295700	00010	877	2002	3	1.68
USGS	15295700	00010	877	2002	4	2.85
USGS	15295700	00010	877	2002	5	3.92
USGS	15295700	00010	877	2002	6	5.32
USGS	15295700	00010	877	2002	7	7.69
USGS	15295700	00010	877	2002	8	8.21
USGS	15295700	00010	877	2002	9	6.92
USGS	15295700	00010	877	2002	10	5.81
USGS	15295700	00010	877	2002	11	4.28
USGS	15295700	00010	877	2002	12	2.13
USGS	15295700	00010	877	2003	1	1.65
USGS	15295700	00010	877	2003	2	2.45
USGS	15295700	00010	877	2003	3	1.92
USGS	15295700	00010	877	2003	4	3.62
USGS	15295700	00010	877	2003	5	4.69
USGS	15295700	00010	877	2003	6	5.95
USGS	15295700	00010	877	2003	7	9.98
USGS	15295700	00010	877	2003	8	7.53
USGS	15295700	00010	877	2003	9	6.28
USGS	15295700	00010	877	2003	10	5.56
USGS	15295700	00010	877	2003	11	3.73
USGS	15295700	00010	877	2003	12	1.16
USGS	15295700	00010	877	2004	1	0.76
USGS	15295700	00010	877	2004	2	1.84
USGS	15295700	00010	877	2004	3	1.37
USGS	15295700	00010	877	2004	4	2.55
USGS	15295700	00010	877	2004	5	3.77
USGS	15295700	00010	877	2004	6	5.4
USGS	15295700	00010	877	2004	7	8.71
USGS	15295700	00010	877	2004	8	8.16
USGS	15295700	00010	877	2004	9	6.52
USGS	15295700	00010	877	2004	10	5.77
USGS	15295700	00010	877	2004	11	2.57
USGS	15295700	00010	877	2004	12	0.89
USGS	15295700	00010	877	2005	1	0.85
USGS	15295700	00010	877	2005	2	0.46
USGS	15295700	00010	877	2005	3	1.56
USGS	15295700	00010	877	2005	4	2.67
USGS	15295700	00010	877	2005	5	4.48
USGS	15295700	00010	877	2005	6	6.6
USGS	15295700	00010	877	2005	7	9.18
USGS	15295700	00010	877	2005	8	9.4
USGS	15295700	00010	877	2005	12	1.63
USGS	15295700	00010	877	2006	1	1.02
USGS	15295700	00010	877	2006	2	0.61
USGS	15295700	00010	877	2006	3	1.21
USGS	15295700	00010	877	2006	4	2.08
USGS	15295700	00010	877	2006	5	3.82
USGS	15295700	00010	877	2006	6	4.88
USGS	15295700	00010	877	2006	7	7.37
USGS	15295700	00010	877	2006	8	8.23
USGS	15295700	00010	877	2006	9	7.52
USGS	15295700	00010	877	2006	10	5.52
USGS	15295700	00010	877	2006	12	0.94
USGS	15295700	00010	877	2007	1	0.48
USGS	15295700	00010	877	2007	2	1.09
USGS	15295700	00010	877	2007	3	0.52
USGS	15295700	00010	877	2007	4	2.07
USGS	15295700	00010	877	2007	5	3.5
USGS	15295700	00010	877	2007	6	4.38
USGS	15295700	00010	877	2007	7	6.05
USGS	15295700	00010	877	2007	8	8.13
USGS	15295700	00010	877	2007	9	7.47
USGS	15295700	00010	877	2007	10	4.68
USGS	15295700	00010	877	2007	11	2.35
USGS	15295700	00010	877	2007	12	1.15
USGS	15295700	00010	877	2008	1	0.53
USGS	15295700	00010	877	2008	2	0.59
USGS	15295700	00010	877	2008	3	1.34
USGS	15295700	00010	877	2008	4	2.72
USGS	15295700	00010	877	2008	7	5.35
USGS	15295700	00010	877	2008	8	7.4
USGS	15295700	00010	877	2008	9	7.02
USGS	15295700	00010	877	2008	10	4.08
USGS	15295700	00010	877	2008	11	1.55
USGS	15295700	00010	877	2008	12	0.97
USGS	15295700	00010	877	2009	1	0.69
USGS	15295700	00010	877	2009	2	0.89
USGS	15295700	00010	877	2009	3	1.35
USGS	15295700	00010	877	2009	4	2.77
USGS	15295700	00010	877	2009	5	4.1
USGS	15295700	00010	877	2009	6	5.83
USGS	15295700	00010	877	2009	7	8.61
USGS	15295700	00010	877	2009	8	8.73
USGS	15295700	00010	877	2009	9	7.2
USGS	15295700	00010	877	2009	10	5.65
USGS	15295700	00010	877	2009	11	1.63
USGS	15295700	00010	877	2009	12	1.08
USGS	15295700	00010	877	2010	1	1.34
USGS	15295700	00010	877	2010	2	1.39
USGS	15295700	00010	877	2010	3	1.32
USGS	15295700	00010	877	2010	4	2.55
USGS	15295700	00010	877	2010	5	4.19
USGS	15295700	00010	877	2010	6	4.45
USGS	15295700	00010	877	2010	7	5.48
USGS	15295700	00010	877	2010	8	7.66
USGS	15295700	00010	877	2010	9	7.47
USGS	15295700	00010	877	2010	10	4.19
USGS	15295700	00010	877	2010	11	1.43
USGS	15295700	00010	877	2010	12	0.68
USGS	15295700	00010	877	2011	1	1
USGS	15295700	00010	877	2011	2	0.59
USGS	15295700	00010	877	2011	3	1.53
USGS	15295700	00010	877	2011	4	2.47
USGS	15295700	00010	877	2011	5	4.16
USGS	15295700	00010	877	2011	6	5.27
USGS	15295700	00010	877	2011	7	7.37
USGS	15295700	00010	877	2011	8	8.63
USGS	15295700	00010	877	2011	9	7.55
USGS	15295700	00010	877	2011	10	4.71
USGS	15295700	00010	877	2011	11	1.38
USGS	15295700	00010	877	2011	12	1.35
USGS	15295700	00010	877	2012	1	0.56
USGS	15295700	00010	877	2012	2	1.38
USGS	15295700	00010	877	2012	3	1.35
USGS	15295700	00010	877	2012	4	3.03
USGS	15295700	00010	877	2012	5	4.05
USGS	15295700	00010	877	2012	6	5.02
USGS	15295700	00010	877	2012	7	6.65
USGS	15295700	00010	877	2012	8	8.29
USGS	15295700	00010	877	2012	9	7.53
USGS	15295700	00010	877	2012	10	4.47
USGS	15295700	00010	877	2012	11	1.67
USGS	15295700	00010	877	2012	12	0.74
USGS	15295700	00010	877	2013	5	4.11
USGS	15295700	00010	877	2013	6	5.77
USGS	15295700	00010	877	2013	7	8.74
USGS	15295700	00010	877	2013	8	9.26
USGS	15295700	00010	877	2013	9	7.55
USGS	15295700	00010	877	2013	10	5.34
USGS	15295700	00010	877	2013	11	2.46
USGS	15295700	00010	877	2013	12	1.11
USGS	15295700	00010	877	2014	1	1.69
USGS	15295700	00010	877	2014	2	0.99
USGS	15295700	00010	877	2014	4	3.48
USGS	15295700	00010	877	2014	5	5.4
USGS	15295700	00010	877	2014	6	6.47
USGS	15295700	00010	877	2014	7	9.58
USGS	15295700	00010	877	2014	8	8.76
USGS	15295700	00010	877	2014	9	7.77
USGS	15295700	00010	877	2014	10	4.34
USGS	15295700	00010	877	2014	11	3.46
USGS	15295700	00010	877	2014	12	2.49
USGS	15295700	00010	877	2015	1	1.73
USGS	15295700	00010	877	2015	2	1.39
USGS	15295700	00010	877	2015	3	2.14
USGS	15295700	00010	877	2015	4	3.42
USGS	15295700	00010	877	2015	5	5.21
USGS	15295700	00010	877	2015	6	7.73
USGS	15295700	00010	877	2015	7	9.79
USGS	15295700	00010	877	2015	8	8.46
USGS	15295700	00010	877	2015	9	6.98
USGS	15295700	00010	877	2015	10	5.65
USGS	15295700	00010	877	2015	11	2.55
USGS	15295700	00010	877	2015	12	1.57
USGS	15295700	00010	877	2016	1	1.87
USGS	15295700	00010	877	2016	2	1.89
USGS	15295700	00010	877	2016	3	3.07
USGS	15295700	00010	877	2016	4	4.49
USGS	15295700	00010	877	2016	5	5.01
USGS	15295700	00010	877	2016	6	5.84
USGS	15295700	00010	877	2016	7	9.05
USGS	15295700	00010	877	2016	8	10.47
USGS	15295700	00010	877	2016	9	7.34
USGS	15295700	00010	877	2016	10	5.43
USGS	15295700	00010	877	2016	11	2.54
USGS	15295700	00010	877	2016	12	1.2
USGS	15295700	00010	877	2017	1	0.48
USGS	15295700	00010	877	2017	2	0.81
USGS	15295700	00010	877	2017	3	0.57
USGS	15295700	00010	877	2017	4	2.44
USGS	15295700	00010	877	2017	5	4.38
USGS	15295700	00010	877	2017	6	5.88
USGS	15295700	00010	877	2017	7	8.51
USGS	15295700	00010	877	2017	8	8.78
USGS	15295700	00010	877	2017	9	7.54
USGS	15295700	00010	877	2018	4	3.3
USGS	15295700	00010	877	2018	5	4.52
USGS	15295700	00010	877	2018	6	5.62
USGS	15295700	00010	877	2018	7	7.94
USGS	15295700	00010	877	2018	8	9.56
USGS	15295700	00010	877	2018	9	7.61
USGS	15295700	00010	877	2018	10	6.15
USGS	15295700	00010	877	2018	11	3.51
USGS	15295700	00010	877	2018	12	1.59
USGS	15295700	00010	877	2019	1	1.21
USGS	15295700	00010	877	2019	2	1.64
USGS	15295700	00010	877	2019	3	2.82
USGS	15295700	00010	877	2019	4	3.54
USGS	15295700	00010	877	2019	5	5.07
USGS	15295700	00010	877	2019	6	7.74
USGS	15295700	00010	877	2019	7	11.73
USGS	15295700	00010	877	2019	8	8.4
USGS	15295700	00010	877	2019	9	7.52
USGS	15295700	00010	877	2019	10	5.82
USGS	15295700	00010	877	2019	11	4.76
USGS	15295700	00010	877	2019	12	2.12
USGS	15295700	00010	877	2020	1	0.69
USGS	15295700	00010	877	2020	2	1.44
USGS	15295700	00010	877	2020	3	1.85
USGS	15295700	00010	877	2020	4	3.49
USGS	15295700	00010	877	2020	5	5.6
USGS	15295700	00010	877	2020	6	7.57
USGS	15295700	00010	877	2020	7	9.07
USGS	15295700	00010	877	2020	8	8.29
USGS	15295700	00010	877	2020	9	7.43
USGS	15295700	00010	877	2020	10	6.15
USGS	15295700	00010	877	2020	11	2.52
USGS	15295700	00010	877	2020	12	1.35
USGS	15295700	00010	877	2021	1	1.11
USGS	15295700	00010	877	2021	2	0.96
USGS	15295700	00010	877	2021	3	1.21
USGS	15295700	00010	877	2021	4	2.84
USGS	15295700	00010	877	2021	5	4.5
USGS	15295700	00010	877	2021	6	5.62
USGS	15295700	00010	877	2021	7	8.2
USGS	15295700	00010	877	2021	8	8.65
USGS	15295700	00010	877	2021	9	7
USGS	15295700	00010	877	2021	10	4.62

