#
#
# US Geological Survey, Water Resources Data
# retrieved: 2022-03-29 15:47:07 EDT      (caww01)
#
# This file contains USGS Surface-Water Monthly Statistics
#
# Note:The statistics generated from  this site are based on approved daily-mean data and may not match those published by the USGS in official publications.
# The user is responsible for assessment and use of statistics from this site.
# For more details on why the statistics may not match, visit https://waterdata.usgs.gov/nwis/?dv_statistics_disclaimer.
#
# ** No Incomplete data have been used for statistical calculation
#
# This file includes the following columns:
#
#
# agency_cd    agency code
# site_no USGS site number
# parameter_cd
# ts_id
# year_nu Calendar year for value
# month_nu     Month for value
# mean_va monthly-mean value.
#         if there is not complete record
#         for a month this field is blank
#
#
# Sites in this file include:
# USGS 15297610 RUSSELL C NR COLD BAY AK
# 
# Explanation of Parameter Code and ts_id used in the Statistics Data 
# parameter_cd	Parameter Name					ts_id	Location Name
# 00010		Temperature, water, degrees Celsius		905	
#
#
agency_cd	site_no	parameter_cd	ts_id	year_nu	month_nu	mean_va
5s	15s	5s	3n	4s	2s	12n
USGS	15297610	00010	905	1996	11	3.9
USGS	15297610	00010	905	1996	12	0.47
USGS	15297610	00010	905	1997	1	0.71
USGS	15297610	00010	905	1998	10	3.94
USGS	15297610	00010	905	1998	11	2.13
USGS	15297610	00010	905	1998	12	0.61
USGS	15297610	00010	905	1999	1	0.37
USGS	15297610	00010	905	1999	2	0
USGS	15297610	00010	905	1999	3	0
USGS	15297610	00010	905	1999	4	0.42
USGS	15297610	00010	905	1999	5	3.03
USGS	15297610	00010	905	1999	6	5.73
USGS	15297610	00010	905	1999	7	7.11
USGS	15297610	00010	905	1999	8	7.9
USGS	15297610	00010	905	1999	9	7.05
USGS	15297610	00010	905	1999	10	3.31
USGS	15297610	00010	905	1999	11	0.8
USGS	15297610	00010	905	1999	12	0.02
USGS	15297610	00010	905	2000	1	0
USGS	15297610	00010	905	2000	2	0
USGS	15297610	00010	905	2000	3	0.79
USGS	15297610	00010	905	2000	4	2.17
USGS	15297610	00010	905	2000	5	3.77
USGS	15297610	00010	905	2000	6	5.15
USGS	15297610	00010	905	2000	7	6.19
USGS	15297610	00010	905	2000	8	7.48
USGS	15297610	00010	905	2000	9	7.18
USGS	15297610	00010	905	2000	10	4.16
USGS	15297610	00010	905	2000	11	2.77
USGS	15297610	00010	905	2000	12	1.85
USGS	15297610	00010	905	2001	1	0.24
USGS	15297610	00010	905	2001	2	1.09
USGS	15297610	00010	905	2001	3	1.11
USGS	15297610	00010	905	2001	4	2.37
USGS	15297610	00010	905	2001	5	4.45
USGS	15297610	00010	905	2001	6	6.8
USGS	15297610	00010	905	2001	7	6.98
USGS	15297610	00010	905	2001	8	8.19
USGS	15297610	00010	905	2002	10	5.26
USGS	15297610	00010	905	2002	11	3.08
USGS	15297610	00010	905	2002	12	1.08
USGS	15297610	00010	905	2003	1	1.27
USGS	15297610	00010	905	2003	2	2.41
USGS	15297610	00010	905	2003	3	1.18
USGS	15297610	00010	905	2003	4	3.67
USGS	15297610	00010	905	2003	5	5.82
USGS	15297610	00010	905	2003	6	6.87
USGS	15297610	00010	905	2003	7	8.08
USGS	15297610	00010	905	2003	8	8.81
USGS	15297610	00010	905	2003	9	7.23
USGS	15297610	00010	905	2003	10	4.53
USGS	15297610	00010	905	2003	11	2.77
USGS	15297610	00010	905	2003	12	0.24
USGS	15297610	00010	905	2004	1	0.32
USGS	15297610	00010	905	2004	2	1.34
USGS	15297610	00010	905	2004	3	1.21
USGS	15297610	00010	905	2004	4	3.23
USGS	15297610	00010	905	2004	5	5.1
USGS	15297610	00010	905	2004	6	6.43
USGS	15297610	00010	905	2004	7	8.06
USGS	15297610	00010	905	2004	8	9.03
USGS	15297610	00010	905	2004	9	7.58
USGS	15297610	00010	905	2004	10	4.79
USGS	15297610	00010	905	2004	11	2.08
USGS	15297610	00010	905	2004	12	0.92
USGS	15297610	00010	905	2005	1	1.85
USGS	15297610	00010	905	2005	2	1.43
USGS	15297610	00010	905	2005	3	2.5
USGS	15297610	00010	905	2005	4	3.25
USGS	15297610	00010	905	2005	5	5.45
USGS	15297610	00010	905	2005	6	6.52
USGS	15297610	00010	905	2005	7	8.06
USGS	15297610	00010	905	2005	8	8.87
USGS	15297610	00010	905	2005	9	7.52
USGS	15297610	00010	905	2005	10	4.19
USGS	15297610	00010	905	2005	11	0.95
USGS	15297610	00010	905	2005	12	1.63
USGS	15297610	00010	905	2006	1	0.23
USGS	15297610	00010	905	2006	2	0.36
USGS	15297610	00010	905	2006	3	1.58
USGS	15297610	00010	905	2006	4	2.18
USGS	15297610	00010	905	2006	5	4.91
USGS	15297610	00010	905	2006	6	6.33
USGS	15297610	00010	905	2006	7	7.88
USGS	15297610	00010	905	2006	8	8.13
USGS	15297610	00010	905	2006	9	6.79
USGS	15297610	00010	905	2006	10	4.4
USGS	15297610	00010	905	2006	11	1.32
USGS	15297610	00010	905	2006	12	0.4
USGS	15297610	00010	905	2007	1	0.1
USGS	15297610	00010	905	2007	2	1.43
USGS	15297610	00010	905	2007	3	0.02
USGS	15297610	00010	905	2007	4	3.05
USGS	15297610	00010	905	2007	5	4.65
USGS	15297610	00010	905	2007	6	5.83
USGS	15297610	00010	905	2007	7	7.77
USGS	15297610	00010	905	2007	8	8.87
USGS	15297610	00010	905	2007	9	7.3
USGS	15297610	00010	905	2007	10	3.92
USGS	15297610	00010	905	2007	11	1.73
USGS	15297610	00010	905	2007	12	0.95
USGS	15297610	00010	905	2008	1	0.18
USGS	15297610	00010	905	2008	2	0.07
USGS	15297610	00010	905	2008	3	0.29
USGS	15297610	00010	905	2008	4	1.72
USGS	15297610	00010	905	2008	5	4.44
USGS	15297610	00010	905	2008	6	6.05
USGS	15297610	00010	905	2008	7	7.31
USGS	15297610	00010	905	2008	8	8.45
USGS	15297610	00010	905	2008	9	6.95
USGS	15297610	00010	905	2008	10	3.45
USGS	15297610	00010	905	2008	11	0.98
USGS	15297610	00010	905	2008	12	1.29
USGS	15297610	00010	905	2009	1	0.13
USGS	15297610	00010	905	2009	2	0.39
USGS	15297610	00010	905	2009	3	0.79
USGS	15297610	00010	905	2009	4	1.12
USGS	15297610	00010	905	2009	5	5.21
USGS	15297610	00010	905	2009	6	6.72
USGS	15297610	00010	905	2009	7	7.37
USGS	15297610	00010	905	2009	8	7.95
USGS	15297610	00010	905	2009	9	6.95
USGS	15297610	00010	905	2009	10	4.61
USGS	15297610	00010	905	2009	11	0.97
USGS	15297610	00010	905	2009	12	1.55
USGS	15297610	00010	905	2010	1	0.65
USGS	15297610	00010	905	2010	2	0.68
USGS	15297610	00010	905	2010	3	0
USGS	15297610	00010	905	2010	4	0.63
USGS	15297610	00010	905	2010	5	4.06
USGS	15297610	00010	905	2010	6	5.92
USGS	15297610	00010	905	2010	7	7.48
USGS	15297610	00010	905	2010	8	8.39
USGS	15297610	00010	905	2010	9	7.73
USGS	15297610	00010	905	2010	10	3.89
USGS	15297610	00010	905	2010	11	1.95
USGS	15297610	00010	905	2010	12	0.27
USGS	15297610	00010	905	2011	1	0.61
USGS	15297610	00010	905	2011	2	0.88
USGS	15297610	00010	905	2011	3	2.69
USGS	15297610	00010	905	2011	4	2.15
USGS	15297610	00010	905	2011	5	5.1
USGS	15297610	00010	905	2011	6	5.9
USGS	15297610	00010	905	2011	7	7.19
USGS	15297610	00010	905	2011	8	8.65
USGS	15297610	00010	905	2011	9	6.3
USGS	15297610	00010	905	2011	10	4.39
USGS	15297610	00010	905	2011	11	1.6
USGS	15297610	00010	905	2011	12	1.16
USGS	15297610	00010	905	2012	1	0
USGS	15297610	00010	905	2012	2	0
USGS	15297610	00010	905	2012	3	0
USGS	15297610	00010	905	2012	4	0.5
USGS	15297610	00010	905	2012	5	2.61
USGS	15297610	00010	905	2012	6	5.53
USGS	15297610	00010	905	2012	7	7.42
USGS	15297610	00010	905	2012	8	8.19
USGS	15297610	00010	905	2012	9	5.98
USGS	15297610	00010	905	2012	10	3.75
USGS	15297610	00010	905	2012	11	1.06
USGS	15297610	00010	905	2012	12	0.24
USGS	15297610	00010	905	2013	1	0.8
USGS	15297610	00010	905	2013	2	0.41
USGS	15297610	00010	905	2013	3	0.66
USGS	15297610	00010	905	2013	4	2.6
USGS	15297610	00010	905	2013	5	4.18
USGS	15297610	00010	905	2013	6	6.5
USGS	15297610	00010	905	2013	7	8.67
USGS	15297610	00010	905	2013	8	8.96
USGS	15297610	00010	905	2013	9	7.21
USGS	15297610	00010	905	2013	10	5.65
USGS	15297610	00010	905	2013	11	2.99
USGS	15297610	00010	905	2013	12	2.59
USGS	15297610	00010	905	2014	1	1.85
USGS	15297610	00010	905	2014	2	1.04
USGS	15297610	00010	905	2014	3	1.95
USGS	15297610	00010	905	2014	4	4.11
USGS	15297610	00010	905	2014	5	6.95
USGS	15297610	00010	905	2014	7	9.1
USGS	15297610	00010	905	2014	8	9.96
USGS	15297610	00010	905	2014	9	8.22
USGS	15297610	00010	905	2014	10	4.24
USGS	15297610	00010	905	2014	11	3.26
USGS	15297610	00010	905	2014	12	1.95
USGS	15297610	00010	905	2015	1	1.11
USGS	15297610	00010	905	2015	2	1.8
USGS	15297610	00010	905	2015	3	2.75
USGS	15297610	00010	905	2015	4	3.8
USGS	15297610	00010	905	2015	5	5.78
USGS	15297610	00010	905	2015	6	7.93
USGS	15297610	00010	905	2015	7	8.7
USGS	15297610	00010	905	2015	8	9.8
USGS	15297610	00010	905	2015	9	7.88
USGS	15297610	00010	905	2015	10	5.61
USGS	15297610	00010	905	2015	11	2.83
USGS	15297610	00010	905	2015	12	1.47
USGS	15297610	00010	905	2016	1	2.28
USGS	15297610	00010	905	2016	2	3.04
USGS	15297610	00010	905	2016	3	3.56
USGS	15297610	00010	905	2016	4	5.22
USGS	15297610	00010	905	2016	5	6.4
USGS	15297610	00010	905	2016	6	7.18
USGS	15297610	00010	905	2016	7	8.91
USGS	15297610	00010	905	2016	8	9.97
USGS	15297610	00010	905	2016	9	8.28
USGS	15297610	00010	905	2016	10	6.1
USGS	15297610	00010	905	2016	11	2.58
USGS	15297610	00010	905	2016	12	1.45
USGS	15297610	00010	905	2017	1	0.63
USGS	15297610	00010	905	2017	5	5.74
USGS	15297610	00010	905	2017	6	7.5
USGS	15297610	00010	905	2017	7	8.63
USGS	15297610	00010	905	2017	8	8.63
USGS	15297610	00010	905	2017	9	7.26
USGS	15297610	00010	905	2017	10	4.96
USGS	15297610	00010	905	2017	11	3.48
USGS	15297610	00010	905	2017	12	1.77
USGS	15297610	00010	905	2018	1	1.08
USGS	15297610	00010	905	2018	2	2
USGS	15297610	00010	905	2018	3	2.61
USGS	15297610	00010	905	2018	4	4.39
USGS	15297610	00010	905	2018	5	5.45
USGS	15297610	00010	905	2018	6	7.27
USGS	15297610	00010	905	2018	7	7.74
USGS	15297610	00010	905	2018	8	8.99
USGS	15297610	00010	905	2018	9	8.86
USGS	15297610	00010	905	2018	10	5.79
USGS	15297610	00010	905	2018	11	3.71
USGS	15297610	00010	905	2018	12	0.95
USGS	15297610	00010	905	2019	2	2.6
USGS	15297610	00010	905	2019	3	2.71
USGS	15297610	00010	905	2019	4	4.51
USGS	15297610	00010	905	2019	5	6.09
USGS	15297610	00010	905	2019	6	7.36
USGS	15297610	00010	905	2019	7	9.48
USGS	15297610	00010	905	2019	8	11.43
USGS	15297610	00010	905	2019	9	8.31
USGS	15297610	00010	905	2019	10	5.94
USGS	15297610	00010	905	2019	11	4.4
USGS	15297610	00010	905	2019	12	1.8
USGS	15297610	00010	905	2020	1	0.24
USGS	15297610	00010	905	2020	2	0.63
USGS	15297610	00010	905	2020	3	1.98
USGS	15297610	00010	905	2020	4	4.47
USGS	15297610	00010	905	2020	5	6.56
USGS	15297610	00010	905	2020	6	7.8
USGS	15297610	00010	905	2020	7	10.07
USGS	15297610	00010	905	2020	8	9.47
USGS	15297610	00010	905	2020	9	7.42
USGS	15297610	00010	905	2020	10	5.16
USGS	15297610	00010	905	2020	11	2.64
USGS	15297610	00010	905	2020	12	0.74
USGS	15297610	00010	905	2021	1	0.36
USGS	15297610	00010	905	2021	2	2.27
USGS	15297610	00010	905	2021	3	2.05
USGS	15297610	00010	905	2021	4	4.24
USGS	15297610	00010	905	2021	5	5.45
USGS	15297610	00010	905	2021	6	6.85
USGS	15297610	00010	905	2021	7	8.5
USGS	15297610	00010	905	2021	8	8.85
USGS	15297610	00010	905	2021	9	7.23
USGS	15297610	00010	905	2021	10	4.13

